7083 13.708869997324554
7117 27.417739994649107
15000 13.708869997324554
15848 33.75519742095572
16253 31.494712829589844
16390 33.75519742095572
17366 31.494712829589844
20472 31.494712829589844
22121 72.35584963690772
22701 33.75519742095572
22751 67.51039484191143
22949 33.75519742095572
24156 33.75519742095572
24654 31.494712829589844
24718 31.494712829589844
25225 31.494712829589844
26684 31.494712829589844
26761 33.75519742095572
26984 33.75519742095572
27075 33.75519742095572
27180 33.75519742095572
27322 33.75519742095572
27449 33.75519742095572
28686 33.75519742095572
28725 33.75519742095572
30596 31.494712829589844
30810 33.75519742095572
31313 14.692803064492441
31541 27.417739994649107
31619 33.75519742095572
31624 27.417739994649107
31706 33.75519742095572
31855 31.494712829589844
31946 67.51039484191143
32331 33.75519742095572
32943 31.494712829589844
33165 31.494712829589844
33809 29.385606128984882
33835 31.494712829589844
33968 33.75519742095572
34026 31.494712829589844
34757 31.494712829589844
34877 31.494712829589844
34894 29.385606128984882
34917 33.75519742095572
35392 31.494712829589844
35466 13.708869997324554
36585 31.494712829589844
36615 14.692803064492441
37133 33.75519742095572
37881 33.75519742095572
37955 72.35584963690772
38603 29.385606128984882
39326 33.75519742095572
39453 33.75519742095572
39483 31.494712829589844
39745 29.385606128984882
41021 33.75519742095572
41293 29.385606128984882
41996 33.75519742095572
42217 29.385606128984882
42266 33.75519742095572
42836 72.35584963690772
43200 33.75519742095572
43212 12.790827984192916
43997 33.75519742095572
44066 72.35584963690772
44069 33.75519742095572
44085 29.385606128984882
44583 67.51039484191143
44924 13.708869997324554
45132 62.98942565917969
45236 29.385606128984882
45616 29.385606128984882
46042 31.494712829589844
46124 33.75519742095572
46125 33.75519742095572
46922 33.75519742095572
46986 62.98942565917969
46994 67.51039484191143
47213 29.385606128984882
47545 25.58165596838583
47627 27.417739994649107
48047 27.417739994649107
48176 27.417739994649107
48206 33.75519742095572
48569 29.385606128984882
48576 67.51039484191143
48766 144.71169927381544
48932 31.494712829589844
48989 31.494712829589844
49160 15.747356414794922
49375 33.75519742095572
49508 31.494712829589844
49590 29.385606128984882
49705 14.692803064492441
49952 62.98942565917969
50292 72.35584963690772
50551 33.75519742095572
50575 29.385606128984882
50701 72.35584963690772
50711 33.75519742095572
50961 13.708869997324554
51429 31.494712829589844
51562 72.35584963690772
51590 33.75519742095572
51986 33.75519742095572
52725 67.51039484191143
52752 67.51039484191143
53133 62.98942565917969
53591 14.692803064492441
53764 33.75519742095572
54032 33.75519742095572
54087 72.35584963690772
54230 33.75519742095572
54749 31.494712829589844
55627 67.51039484191143
55780 62.98942565917969
55807 31.494712829589844
56172 33.75519742095572
56231 31.494712829589844
56367 33.75519742095572
56860 29.385606128984882
56881 33.75519742095572
56956 31.494712829589844
57049 31.494712829589844
57470 33.75519742095572
57486 31.494712829589844
57771 33.75519742095572
58048 33.75519742095572
58194 67.51039484191143
58279 72.35584963690772
58480 31.494712829589844
58590 31.494712829589844
59037 33.75519742095572
59167 33.75519742095572
59269 31.494712829589844
59294 72.35584963690772
59507 67.51039484191143
59523 67.51039484191143
59689 33.75519742095572
59712 72.35584963690772
59992 33.75519742095572
60225 72.35584963690772
60466 67.51039484191143
60491 31.494712829589844
60631 33.75519742095572
60739 58.771212257969765
60783 33.75519742095572
61138 33.75519742095572
61164 33.75519742095572
61204 33.75519742095572
61253 31.494712829589844
61258 72.35584963690772
61268 31.494712829589844
61643 72.35584963690772
61673 33.75519742095572
61693 31.494712829589844
61730 67.51039484191143
61781 72.35584963690772
62057 31.494712829589844
62226 33.75519742095572
62379 155.09815900020797
62611 72.35584963690772
62697 31.494712829589844
62715 33.75519742095572
62863 155.09815900020797
62869 72.35584963690772
62942 72.35584963690772
63075 33.75519742095572
63096 33.75519742095572
63619 72.35584963690772
63701 33.75519742095572
63778 33.75519742095572
63804 72.35584963690772
63877 33.75519742095572
63976 72.35584963690772
64023 31.494712829589844
64492 72.35584963690772
64587 67.51039484191143
64621 31.494712829589844
64624 15.747356414794922
65056 33.75519742095572
65152 31.494712829589844
65443 33.75519742095572
65459 33.75519742095572
65482 33.75519742095572
65674 33.75519742095572
65724 155.09815900020797
65775 33.75519742095572
65949 33.75519742095572
66205 33.75519742095572
66260 33.75519742095572
66348 31.494712829589844
66591 33.75519742095572
66614 33.75519742095572
66809 155.09815900020797
66834 62.98942565917969
67019 31.494712829589844
67061 29.385606128984882
67064 33.75519742095572
67076 144.71169927381544
67292 33.75519742095572
67325 72.35584963690772
67460 144.71169927381544
67560 67.51039484191143
67628 31.494712829589844
67874 67.51039484191143
68060 155.09815900020797
68079 33.75519742095572
68122 33.75519742095572
68186 31.494712829589844
68226 13.708869997324554
68360 62.98942565917969
68428 33.75519742095572
68448 72.35584963690772
68578 15.747356414794922
68705 33.75519742095572
68742 72.35584963690772
68774 33.75519742095572
68835 155.09815900020797
69030 31.494712829589844
69195 72.35584963690772
69247 31.494712829589844
69252 33.75519742095572
69378 72.35584963690772
69451 14.692803064492441
69559 29.385606128984882
69585 67.51039484191143
69714 31.494712829589844
69748 31.494712829589844
69827 33.75519742095572
69847 67.51039484191143
69955 72.35584963690772
69983 67.51039484191143
70049 33.75519742095572
70103 67.51039484191143
70181 31.494712829589844
70205 155.09815900020797
70629 155.09815900020797
70702 33.75519742095572
70961 31.494712829589844
70978 72.35584963690772
71006 33.75519742095572
71097 33.75519742095572
71176 72.35584963690772
71181 33.75519742095572
71246 67.51039484191143
71361 31.494712829589844
71449 31.494712829589844
71561 67.51039484191143
71809 31.494712829589844
72068 33.75519742095572
72078 33.75519742095572
72087 29.385606128984882
72139 29.385606128984882
72288 144.71169927381544
72522 33.75519742095572
72664 67.51039484191143
72873 62.98942565917969
73099 33.75519742095572
73221 144.71169927381544
73277 72.35584963690772
73354 155.09815900020797
73379 33.75519742095572
73459 72.35584963690772
73488 72.35584963690772
73624 67.51039484191143
73967 33.75519742095572
74023 31.494712829589844
74044 33.75519742095572
74051 31.494712829589844
74109 33.75519742095572
74197 144.71169927381544
74204 33.75519742095572
74290 31.494712829589844
74357 31.494712829589844
74559 155.09815900020797
74560 72.35584963690772
74602 31.494712829589844
74685 72.35584963690772
74813 72.35584963690772
74858 72.35584963690772
74882 155.09815900020797
74901 144.71169927381544
74926 33.75519742095572
75060 31.494712829589844
75083 155.09815900020797
75102 33.75519742095572
75336 72.35584963690772
75421 67.51039484191143
75445 27.417739994649107
75488 31.494712829589844
75526 33.75519742095572
75632 31.494712829589844
75664 33.75519742095572
75722 31.494712829589844
75746 135.02078968382287
75832 33.75519742095572
75973 31.494712829589844
76418 29.385606128984882
76509 72.35584963690772
76531 62.98942565917969
76626 31.494712829589844
76802 31.494712829589844
76884 33.75519742095572
76890 155.09815900020797
77078 67.51039484191143
77326 72.35584963690772
77361 72.35584963690772
77387 31.494712829589844
77453 72.35584963690772
77454 72.35584963690772
77481 14.692803064492441
77488 67.51039484191143
77499 29.385606128984882
77532 155.09815900020797
77543 33.75519742095572
77546 31.494712829589844
77606 31.494712829589844
77655 15.747356414794922
77793 72.35584963690772
77813 62.98942565917969
77819 144.71169927381544
77826 67.51039484191143
77864 29.385606128984882
77982 72.35584963690772
78018 67.51039484191143
78129 29.385606128984882
78215 62.98942565917969
78294 72.35584963690772
78318 15.747356414794922
78639 29.385606128984882
78798 29.385606128984882
78899 31.494712829589844
79006 14.692803064492441
79210 67.51039484191143
79338 155.09815900020797
79835 72.35584963690772
80225 72.35584963690772
80268 72.35584963690772
80369 33.75519742095572
80403 33.75519742095572
80460 72.35584963690772
80547 72.35584963690772
80660 67.51039484191143
80970 67.51039484191143
81185 12.790827984192916
81204 155.09815900020797
81250 31.494712829589844
81252 33.75519742095572
81362 31.494712829589844
81457 33.75519742095572
81475 31.494712829589844
81735 31.494712829589844
81771 62.98942565917969
81802 33.75519742095572
81893 29.385606128984882
82006 67.51039484191143
82161 31.494712829589844
82173 31.494712829589844
82305 72.35584963690772
82341 13.708869997324554
82579 33.75519742095572
82675 72.35584963690772
82716 33.75519742095572
82790 33.75519742095572
82881 33.75519742095572
82974 72.35584963690772
83154 31.494712829589844
83441 29.385606128984882
83610 33.75519742095572
84004 33.75519742095572
84027 31.494712829589844
84054 67.51039484191143
84176 29.385606128984882
84201 72.35584963690772
84317 67.51039484191143
84355 31.494712829589844
84376 67.51039484191143
84399 31.494712829589844
84416 33.75519742095572
84541 72.35584963690772
84634 33.75519742095572
84669 33.75519742095572
84711 29.385606128984882
84727 27.417739994649107
84764 31.494712829589844
85128 33.75519742095572
85168 72.35584963690772
85402 62.98942565917969
85561 33.75519742095572
85606 72.35584963690772
85619 33.75519742095572
85720 31.494712829589844
85947 33.75519742095572
85948 31.494712829589844
86018 135.02078968382287
86098 135.02078968382287
86147 33.75519742095572