6724 13.708869997324554
8811 15.747356414794922
10407 14.692803064492441
11321 15.747356414794922
13569 14.692803064492441
13659 14.692803064492441
14040 15.747356414794922
14455 13.708869997324554
14604 14.692803064492441
14707 15.747356414794922
16920 14.692803064492441
19305 15.747356414794922
20256 15.747356414794922
20694 15.747356414794922
20795 14.692803064492441
21471 14.692803064492441
22684 15.747356414794922
22703 31.494712829589844
23266 12.790827984192916
23444 15.747356414794922
23621 15.747356414794922
23930 15.747356414794922
24546 15.747356414794922
25134 15.747356414794922
25241 14.692803064492441
25489 14.692803064492441
25492 15.747356414794922
25624 13.708869997324554
26405 14.692803064492441
27069 31.494712829589844
27689 14.692803064492441
27811 14.692803064492441
28128 13.708869997324554
28265 15.747356414794922
28367 14.692803064492441
29080 14.692803064492441
30478 13.708869997324554
30637 33.75519742095572
30662 14.692803064492441
30746 15.747356414794922
30753 14.692803064492441
30789 15.747356414794922
32147 15.747356414794922
32273 15.747356414794922
32316 33.75519742095572
32357 14.692803064492441
32569 14.692803064492441
32921 27.417739994649107
33412 15.747356414794922
34220 14.692803064492441
34385 31.494712829589844
35217 14.692803064492441
35358 31.494712829589844
36104 15.747356414794922
36996 15.747356414794922
37151 15.747356414794922
37725 14.692803064492441
37833 15.747356414794922
38241 14.692803064492441
38538 13.708869997324554
38662 31.494712829589844
38976 27.417739994649107
39038 14.692803064492441
39570 14.692803064492441
39685 15.747356414794922
40118 13.708869997324554
40386 15.747356414794922
40612 14.692803064492441
41129 15.747356414794922
41226 31.494712829589844
41927 33.75519742095572
42565 13.708869997324554
42992 15.747356414794922
43509 12.790827984192916
43967 14.692803064492441
44051 14.692803064492441
44306 33.75519742095572
44442 15.747356414794922
45565 72.35584963690772
46190 14.692803064492441
46417 13.708869997324554
46762 15.747356414794922
47212 29.385606128984882
47240 13.708869997324554
47345 13.708869997324554
47795 31.494712829589844
48073 31.494712829589844
48238 31.494712829589844
48269 14.692803064492441
48314 13.708869997324554
48484 27.417739994649114
48532 12.790827984192916
48748 27.417739994649107
48857 14.692803064492441
48919 15.747356414794922
49558 15.747356414794922
49686 31.494712829589844
50666 14.692803064492441
50670 15.747356414794922
50914 13.708869997324554
51445 15.747356414794922
51928 31.494712829589844
51990 14.692803064492441
52162 15.747356414794922
52172 15.747356414794922
52227 14.692803064492441
52436 14.692803064492441
52712 15.747356414794922
53405 31.494712829589844
53430 14.692803064492441
53485 15.747356414794922
53652 13.708869997324554
53732 15.747356414794922
54335 14.692803064492441
54611 15.747356414794922
54645 33.75519742095572
54832 33.75519742095572
54894 15.747356414794922
54907 14.692803064492441
55000 33.75519742095572
55252 15.747356414794922
55264 15.747356414794922
55407 31.494712829589844
55540 15.747356414794922
55788 15.747356414794922
55800 15.747356414794922
55937 13.708869997324554
56465 31.494712829589844
56638 33.75519742095572
57959 67.51039484191143
58078 33.75519742095572
58261 15.747356414794922
58624 13.708869997324554
58739 15.747356414794922
58985 14.692803064492441
59010 33.75519742095572
59095 14.692803064492441
59205 14.692803064492441
59497 14.692803064492441
59530 29.385606128984882
59817 15.747356414794922
59828 72.35584963690772
59965 31.494712829589844
60110 14.692803064492441
60365 15.747356414794922
60586 31.494712829589844
60735 14.692803064492441
60913 15.747356414794922
61179 14.692803064492441
61431 14.692803064492441
61474 13.708869997324554
61696 14.692803064492441
61934 13.708869997324554
62147 15.747356414794922
62306 15.747356414794922
62448 14.692803064492441
62571 13.708869997324554
62833 31.494712829589844
62852 15.747356414794922
63151 13.708869997324554
63259 15.747356414794922
63500 15.747356414794922
63573 72.35584963690772
63657 15.747356414794922
63747 14.692803064492441
63835 33.75519742095572
63890 15.747356414794922
63928 29.385606128984882
64137 31.494712829589844
64380 31.494712829589844
64574 13.708869997324554
64953 31.494712829589844
65016 29.385606128984882
65074 31.494712829589844
65182 13.708869997324554
65263 13.708869997324554
65309 15.747356414794922
65498 15.747356414794922
65656 14.692803064492441
65811 29.385606128984882
66010 15.747356414794922
66104 14.692803064492441
66342 33.75519742095572
66359 31.494712829589844
66379 31.494712829589844
66439 31.494712829589844
66495 29.385606128984882
66537 14.692803064492441
66856 14.692803064492441
67170 72.35584963690772
67284 15.747356414794922
67455 14.692803064492441
67731 31.494712829589844
67949 14.692803064492441
68020 15.747356414794922
68221 13.708869997324554
68223 33.75519742095572
68290 15.747356414794922
68487 29.385606128984882
68897 67.51039484191143
68952 13.708869997324554
69039 72.35584963690772
69496 31.494712829589844
69506 15.747356414794922
69531 15.747356414794922
69622 15.747356414794922
70635 31.494712829589844
70653 14.692803064492441
70726 31.494712829589844
70835 27.417739994649114
70851 27.417739994649107
70920 14.692803064492441
70941 144.71169927381544
71210 15.747356414794922
71222 72.35584963690772
71453 15.747356414794922
72422 31.494712829589844
72624 33.75519742095572
72717 33.75519742095572
72735 155.09815900020797
72853 15.747356414794922
72896 14.692803064492441
73054 155.09815900020797
73123 33.75519742095572
73131 15.747356414794922
73182 15.747356414794922
73232 14.692803064492441
73347 33.75519742095572
73367 33.75519742095572
73397 12.790827984192916
73430 67.51039484191143
73519 14.692803064492441
73678 14.692803064492441
73795 14.692803064492441
73840 15.747356414794922
73882 31.494712829589844
73939 14.692803064492441
74075 12.790827984192916
74101 14.692803064492441
74213 31.494712829589844
74401 31.494712829589844
74782 67.51039484191143
74897 31.494712829589844
74970 33.75519742095572
75150 14.692803064492441
75330 15.747356414794922
75344 15.747356414794922
75505 15.747356414794922
75570 33.75519742095572
75783 15.747356414794922
75907 15.747356414794922
75914 72.35584963690772
76095 14.692803064492441
76105 15.747356414794922
76355 14.692803064492441
76395 67.51039484191143
76419 14.692803064492441
76431 144.71169927381544
76651 14.692803064492441
76686 14.692803064492441
76736 14.692803064492441
76893 14.692803064492441
76926 72.35584963690772
76962 29.385606128984882
77078 33.75519742095572
77088 15.747356414794922
77206 15.747356414794922
77268 33.75519742095572
77282 31.494712829589844
77297 31.494712829589844
77359 15.747356414794922
77407 29.385606128984882
77813 15.747356414794922
77852 31.494712829589844
77883 15.747356414794922
77947 15.747356414794922
78040 14.692803064492441
78071 15.747356414794922
78519 29.385606128984882
78701 72.35584963690772
78734 31.494712829589844
78848 23.86852899664846
78917 15.747356414794922
78955 14.692803064492441
79080 31.494712829589844
79171 33.75519742095572
79356 144.71169927381544
79464 15.747356414794922
79502 33.75519742095572
79592 31.494712829589844
79730 31.494712829589844
79733 33.75519742095572
79956 72.35584963690772
79984 33.75519742095572
80158 31.494712829589844
80262 72.35584963690772
80291 33.75519742095572
80492 31.494712829589844
80494 155.09815900020797
80592 15.747356414794922
80621 67.51039484191143
80984 15.747356414794922
81133 31.494712829589844
81175 31.494712829589844
81226 33.75519742095572
81303 15.747356414794922
81396 33.75519742095572
81588 33.75519742095572
81599 31.494712829589844
81702 31.494712829589844
81710 15.747356414794922
81727 31.494712829589844
81777 72.35584963690772
81870 31.494712829589844
81913 33.75519742095572
82079 15.747356414794922
82207 13.708869997324554
82380 15.747356414794922
82390 155.09815900020797
82397 31.494712829589844
82436 33.75519742095572
82550 155.09815900020797
82635 29.385606128984882
82666 67.51039484191143
82816 72.35584963690772
82896 29.385606128984882
82897 29.385606128984882
82936 15.747356414794922
82989 62.98942565917969
83061 13.708869997324554
83242 31.494712829589844
83394 29.385606128984882
83410 31.494712829589844
83411 31.494712829589844
83442 15.747356414794922
83516 72.35584963690772
83549 155.09815900020797
83728 33.75519742095572
83868 33.75519742095572
84240 31.494712829589844
84264 33.75519742095572
84461 15.747356414794922
84884 33.75519742095572
84917 15.747356414794922
85108 33.75519742095572
85152 33.75519742095572
85245 14.692803064492441
85274 15.747356414794922
85362 155.09815900020797
85512 29.385606128984882
85643 67.51039484191143
85870 13.708869997324554
85926 31.494712829589844
85942 31.494712829589844
85957 155.09815900020797
85961 14.692803064492441
85996 33.75519742095572
86057 15.747356414794922
86071 72.35584963690772
86169 67.51039484191143
86437 14.692803064492441
86506 15.747356414794922
86512 31.494712829589844
86613 12.790827984192916
86645 33.75519742095572
86759 144.71169927381544
86843 15.747356414794922
86873 15.747356414794922
86914 144.71169927381544
86952 14.692803064492441
86960 155.09815900020797
86962 31.494712829589844
86969 31.494712829589844
87105 15.747356414794922
87152 31.494712829589844
87261 67.51039484191143
87275 29.385606128984882
87357 62.98942565917969
87414 144.71169927381544
87438 29.385606128984882
87455 29.385606128984882
87510 13.708869997324554
87633 31.494712829589844
87654 14.692803064492441
87829 31.494712829589844
88008 31.494712829589844
88205 33.75519742095572
88220 15.747356414794922
88253 33.75519742095572
88254 33.75519742095572
88316 67.51039484191143
88365 135.02078968382287
88876 14.692803064492441
88927 33.75519742095572
88941 31.494712829589844
89133 31.494712829589844
89307 14.692803064492441
89358 33.75519742095572
89595 31.494712829589844
89618 72.35584963690772