9431 14.692803064492441
9927 14.692803064492441
12747 15.747356414794922
14439 14.692803064492441
15471 15.747356414794922
19485 33.75519742095572
20967 15.747356414794922
21846 15.747356414794922
23278 33.75519742095572
23345 15.747356414794922
24239 15.747356414794922
24283 14.692803064492441
25486 15.747356414794922
27407 15.747356414794922
27462 33.75519742095572
27521 31.494712829589844
28099 14.692803064492441
28136 14.692803064492441
28310 14.692803064492441
29691 29.385606128984882
30014 15.747356414794922
30071 14.692803064492441
30979 15.747356414794922
30991 29.385606128984882
31039 15.747356414794922
31040 15.747356414794922
31323 31.494712829589844
31528 31.494712829589844
32075 15.747356414794922
32372 29.385606128984882
32639 15.747356414794922
32800 14.692803064492441
32876 67.51039484191143
33283 15.747356414794922
33916 33.75519742095572
34409 15.747356414794922
34699 15.747356414794922
34840 14.692803064492441
35068 15.747356414794922
35293 14.692803064492441
35454 13.708869997324554
35861 33.75519742095572
36115 11.934264498324229
36551 15.747356414794922
36650 13.708869997324554
36715 33.75519742095572
36867 31.494712829589844
37478 15.747356414794922
38166 27.417739994649107
38236 31.494712829589844
38356 31.494712829589844
38512 31.494712829589844
38871 14.692803064492441
39372 15.747356414794922
39884 15.747356414794922
40159 15.747356414794922
40181 33.75519742095572
40234 29.385606128984882
40445 14.692803064492441
41320 14.692803064492441
41379 33.75519742095572
41727 12.790827984192916
41852 15.747356414794922
42334 15.747356414794922
42812 15.747356414794922
42901 15.747356414794922
42941 15.747356414794922
43130 31.494712829589844
43508 31.494712829589844
43827 14.692803064492441
44002 67.51039484191143
44065 14.692803064492441
44200 15.747356414794922
44392 13.708869997324554
44603 31.494712829589844
44823 15.747356414794922
44861 14.692803064492441
44987 15.747356414794922
45101 14.692803064492441
45338 29.385606128984882
45717 14.692803064492441
45750 13.708869997324554
46323 31.494712829589844
46402 31.494712829589844
46718 12.790827984192916
46724 29.385606128984882
46779 33.75519742095572
46995 13.708869997324554
47267 13.708869997324554
47314 15.747356414794922
47684 15.747356414794922
48435 67.51039484191143
48475 29.385606128984882
48665 14.692803064492441
48841 29.385606128984882
49149 33.75519742095572
49296 29.385606128984882
49929 33.75519742095572
50377 15.747356414794922
50387 14.692803064492441
50413 33.75519742095572
50423 31.494712829589844
50586 33.75519742095572
50968 15.747356414794922
51169 31.494712829589844
51218 15.747356414794922
51227 15.747356414794922
51607 29.385606128984882
52000 31.494712829589844
52101 33.75519742095572
52118 27.417739994649107
52261 31.494712829589844
52316 33.75519742095572
53058 14.692803064492441
53164 14.692803064492441
53408 15.747356414794922
53796 12.790827984192916
54010 15.747356414794922
54166 14.692803064492441
54713 31.494712829589844
55096 31.494712829589844
55107 14.692803064492441
55255 12.790827984192916
55409 31.494712829589844
55532 31.494712829589844
55547 31.494712829589844
55602 31.494712829589844
55606 31.494712829589844
55697 15.747356414794922
55947 15.747356414794922
55956 72.35584963690772
55957 72.35584963690772
56915 67.51039484191143
57629 72.35584963690772
58028 14.692803064492441
58915 31.494712829589844
59212 33.75519742095572
59691 15.747356414794922
59844 15.747356414794922
59868 31.494712829589844
60006 15.747356414794922
60046 15.747356414794922
60078 14.692803064492441
60178 33.75519742095572
60292 29.385606128984882
60414 31.494712829589844
60454 14.692803064492441
60722 72.35584963690772
60842 33.75519742095572
61056 72.35584963690772
61159 31.494712829589844
61235 27.417739994649107
61296 67.51039484191143
61487 14.692803064492441
61893 14.692803064492441
62085 72.35584963690772
62100 15.747356414794922
62312 31.494712829589844
62409 15.747356414794922
62427 31.494712829589844
62711 27.417739994649107
62712 13.708869997324554
62869 29.385606128984882
62880 33.75519742095572
62888 15.747356414794922
63055 14.692803064492441
63154 33.75519742095572
63175 15.747356414794922
63309 31.494712829589844
64028 14.692803064492441
64165 13.708869997324554
64385 14.692803064492441
64428 13.708869997324554
64665 33.75519742095572
64757 15.747356414794922
64879 31.494712829589844
64956 67.51039484191143
64997 67.51039484191143
65039 31.494712829589844
65381 72.35584963690772
65456 72.35584963690772
65467 15.747356414794922
65516 31.494712829589844
65633 27.417739994649107
65649 15.747356414794922
65694 29.385606128984882
65701 15.747356414794922
65715 33.75519742095572
65738 15.747356414794922
65937 25.58165596838583
66212 33.75519742095572
66750 14.692803064492441
66800 14.692803064492441
67002 15.747356414794922
67016 31.494712829589844
67161 31.494712829589844
67457 15.747356414794922
67518 33.75519742095572
67554 15.747356414794922
67625 31.494712829589844
67691 15.747356414794922
67779 15.747356414794922
67804 29.385606128984882
68021 33.75519742095572
68098 15.747356414794922
68142 15.747356414794922
68148 31.494712829589844
68367 14.692803064492441
68593 13.708869997324554
68735 15.747356414794922
68744 33.75519742095572
68843 155.09815900020797
69076 13.708869997324554
69106 33.75519742095572
69157 33.75519742095572
69179 31.494712829589844
69191 33.75519742095572
69222 14.692803064492441
69725 14.692803064492441
69865 33.75519742095572
69970 72.35584963690772
69997 72.35584963690772
70012 33.75519742095572
70095 14.692803064492441
70151 15.747356414794922
70613 14.692803064492441
70783 33.75519742095572
71065 27.417739994649107
71187 33.75519742095572
71269 72.35584963690772
71335 31.494712829589844
71411 14.692803064492441
71666 27.417739994649107
71814 31.494712829589844
71980 72.35584963690772
72089 13.708869997324554
72162 33.75519742095572
72195 72.35584963690772
72239 33.75519742095572
72300 15.747356414794922
72344 72.35584963690772
72356 14.692803064492441
72650 29.385606128984882
72704 31.494712829589844
72717 29.385606128984882
72799 29.385606128984882
72836 15.747356414794922
72839 15.747356414794922
72948 29.385606128984882
73080 31.494712829589844
73409 14.692803064492441
73544 15.747356414794922
73597 155.09815900020797
73688 29.385606128984882
73736 31.494712829589844
73740 31.494712829589844
73778 67.51039484191143
73880 29.385606128984882
74129 14.692803064492441
74255 14.692803064492441
74604 14.692803064492441
74748 72.35584963690772
74902 31.494712829589844
74912 135.02078968382287
75048 135.02078968382287
75217 33.75519742095572
75348 72.35584963690772
75413 33.75519742095572
75574 29.385606128984882
75625 15.747356414794922
75748 72.35584963690772
75778 155.09815900020797
75854 15.747356414794922
75989 29.385606128984882
76118 31.494712829589844
76130 33.75519742095572
76251 144.71169927381544
76486 14.692803064492441
76572 14.692803064492441
76607 31.494712829589844
76676 72.35584963690772
76698 15.747356414794922
76755 33.75519742095572
76770 72.35584963690772
76780 29.385606128984882
76852 15.747356414794922
76976 14.692803064492441
76979 33.75519742095572
77033 31.494712829589844
77056 72.35584963690772
77061 33.75519742095572
77112 67.51039484191143
77221 14.692803064492441
77300 25.58165596838583
77355 33.75519742095572
77426 31.494712829589844
77427 31.494712829589844
77444 13.708869997324554
77464 31.494712829589844
77499 14.692803064492441
77506 31.494712829589844
77539 72.35584963690772
77583 31.494712829589844
77719 15.747356414794922
77763 31.494712829589844
77793 15.747356414794922
78006 33.75519742095572
78146 31.494712829589844
78204 15.747356414794922
78245 33.75519742095572
78248 15.747356414794922
78449 67.51039484191143
78529 31.494712829589844
78814 33.75519742095572
78893 15.747356414794922
79144 33.75519742095572
79291 72.35584963690772
79454 31.494712829589844
79496 29.385606128984882
79614 144.71169927381544
79686 72.35584963690772
79890 14.692803064492441
79916 14.692803064492441
79978 14.692803064492441
80116 72.35584963690772
80204 14.692803064492441
80277 31.494712829589844
80363 15.747356414794922
80447 33.75519742095572
80479 14.692803064492441
80524 72.35584963690772
80793 33.75519742095572
80820 31.494712829589844
80988 31.494712829589844
81079 72.35584963690772
81223 31.494712829589844
81608 29.385606128984882
81932 33.75519742095572
82090 29.385606128984882
82139 33.75519742095572
82306 31.494712829589844
82456 14.692803064492441
82659 31.494712829589844
82716 31.494712829589844
82812 33.75519742095572
82919 14.692803064492441
83150 27.417739994649107
83199 29.385606128984882
83222 31.494712829589844
83370 31.494712829589844
83380 15.747356414794922
83400 15.747356414794922
83515 31.494712829589844
83533 29.385606128984882
83536 33.75519742095572
83544 72.35584963690772
83606 72.35584963690772
83622 29.385606128984882
83657 67.51039484191143
83751 31.494712829589844
83823 67.51039484191143
83827 72.35584963690772
83871 155.09815900020797
83967 67.51039484191143
84060 67.51039484191143
84141 15.747356414794922
84186 33.75519742095572
84327 13.708869997324554
84448 14.692803064492441
84450 33.75519742095572
84680 31.494712829589844
84742 14.692803064492441
84819 144.71169927381544
84894 33.75519742095572
84908 144.71169927381544
85118 72.35584963690772
85157 25.58165596838583
85351 15.747356414794922
85641 31.494712829589844
85929 15.747356414794922
86033 33.75519742095572
86057 14.692803064492441
86216 31.494712829589844
86241 13.708869997324554
86548 155.09815900020797
86565 72.35584963690772
86638 15.747356414794922
86724 67.51039484191143
87262 72.35584963690772
87266 13.708869997324554
87514 31.494712829589844
87728 31.494712829589844
87731 72.35584963690772
87811 14.692803064492441
87936 33.75519742095572
88060 72.35584963690772
88166 25.58165596838583
88287 14.692803064492441
88292 31.494712829589844
88332 31.494712829589844