5065 15.747356414794922
5643 15.747356414794922
9579 14.692803064492441
12368 14.692803064492441
13847 14.692803064492441
14340 14.692803064492441
15867 15.747356414794922
15903 14.692803064492441
17160 14.692803064492441
18149 27.417739994649107
20305 15.747356414794922
20685 13.708869997324554
21415 14.692803064492441
22170 15.747356414794922
23673 15.747356414794922
24588 15.747356414794922
24684 13.708869997324554
24896 15.747356414794922
26544 13.708869997324554
26642 12.790827984192916
27323 13.708869997324554
27967 13.708869997324554
28032 14.692803064492441
29684 15.747356414794922
30408 15.747356414794922
30642 31.494712829589844
30676 31.494712829589844
31021 14.692803064492441
31073 12.790827984192916
31110 14.692803064492441
33360 15.747356414794922
33880 15.747356414794922
34048 15.747356414794922
34595 15.747356414794922
34941 33.75519742095572
35052 15.747356414794922
35134 15.747356414794922
35203 14.692803064492441
35389 14.692803064492441
35601 33.75519742095572
35762 33.75519742095572
35795 14.692803064492441
36254 31.494712829589844
36279 15.747356414794922
36787 14.692803064492441
37667 15.747356414794922
38571 31.494712829589844
38635 15.747356414794922
38703 14.692803064492441
40527 31.494712829589844
40606 14.692803064492441
40732 15.747356414794922
41470 67.51039484191143
41506 33.75519742095572
41576 13.708869997324554
41641 15.747356414794922
42306 15.747356414794922
42398 29.385606128984882
42568 14.692803064492441
42703 15.747356414794922
42718 29.385606128984882
42914 15.747356414794922
42942 14.692803064492441
43113 33.75519742095572
43655 15.747356414794922
43995 13.708869997324554
44008 14.692803064492441
44177 15.747356414794922
44574 31.494712829589844
44845 33.75519742095572
45231 67.51039484191143
45246 15.747356414794922
45439 15.747356414794922
45566 13.708869997324554
46060 31.494712829589844
46130 14.692803064492441
46153 31.494712829589844
46204 14.692803064492441
46541 33.75519742095572
46625 62.98942565917969
46715 31.494712829589844
47569 15.747356414794922
48382 33.75519742095572
48811 14.692803064492441
49077 29.385606128984882
49424 31.494712829589844
49453 15.747356414794922
50718 15.747356414794922
50905 14.692803064492441
51004 14.692803064492441
51326 31.494712829589844
51361 14.692803064492441
51481 13.708869997324554
51613 33.75519742095572
51665 15.747356414794922
51713 27.417739994649107
51751 15.747356414794922
51783 13.708869997324554
51949 15.747356414794922
52128 33.75519742095572
52157 14.692803064492441
52183 14.692803064492441
52316 13.708869997324554
52623 15.747356414794922
53405 14.692803064492441
53688 15.747356414794922
54003 15.747356414794922
54212 15.747356414794922
54266 29.385606128984882
54498 67.51039484191143
54656 31.494712829589844
54851 14.692803064492441
54864 27.417739994649107
55270 15.747356414794922
55328 14.692803064492441
55340 62.98942565917969
55369 14.692803064492441
55740 13.708869997324554
55778 14.692803064492441
56085 14.692803064492441
56516 33.75519742095572
56526 14.692803064492441
56571 29.385606128984882
56676 15.747356414794922
56779 14.692803064492441
57002 31.494712829589844
57094 13.708869997324554
57397 14.692803064492441
57432 31.494712829589844
57462 29.385606128984882
57517 15.747356414794922
57685 31.494712829589844
57951 14.692803064492441
57989 31.494712829589844
58561 29.385606128984882
58733 31.494712829589844
59152 15.747356414794922
59220 31.494712829589844
59347 14.692803064492441
59608 31.494712829589844
59829 31.494712829589844
59853 31.494712829589844
60018 15.747356414794922
60490 33.75519742095572
61038 15.747356414794922
61184 33.75519742095572
61401 15.747356414794922
61468 14.692803064492441
61733 33.75519742095572
61783 33.75519742095572
62461 14.692803064492441
62593 14.692803064492441
62596 14.692803064492441
62691 31.494712829589844
62692 29.385606128984882
62724 72.35584963690772
62727 58.771212257969765
62781 31.494712829589844
62992 29.385606128984882
63020 67.51039484191143
63053 12.790827984192916
63148 15.747356414794922
63187 33.75519742095572
63360 33.75519742095572
63490 27.417739994649107
63565 14.692803064492441
63834 29.385606128984882
63854 31.494712829589844
63874 62.98942565917969
63994 15.747356414794922
63999 33.75519742095572
64142 29.385606128984882
64204 29.385606128984882
64363 33.75519742095572
64393 31.494712829589844
64820 31.494712829589844
64894 31.494712829589844
65010 29.385606128984882
65128 33.75519742095572
65244 15.747356414794922
65312 14.692803064492441
65362 15.747356414794922
65406 14.692803064492441
65937 15.747356414794922
66227 33.75519742095572
66247 67.51039484191143
66251 62.98942565917969
66439 29.385606128984882
66506 14.692803064492441
66723 15.747356414794922
66875 72.35584963690772
66883 33.75519742095572
67239 67.51039484191143
67331 72.35584963690772
67428 72.35584963690772
67574 29.385606128984882
67609 14.692803064492441
67806 14.692803064492441
67926 33.75519742095572
67950 14.692803064492441
67989 14.692803064492441
68363 33.75519742095572
68419 27.417739994649107
68452 29.385606128984882
68553 31.494712829589844
68563 11.934264498324229
68624 15.747356414794922
68734 31.494712829589844
68814 14.692803064492441
68865 13.708869997324554
68926 67.51039484191143
69101 15.747356414794922
69306 31.494712829589844
69429 155.09815900020797
69458 14.692803064492441
69493 33.75519742095572
69691 33.75519742095572
69741 15.747356414794922
70123 62.98942565917969
70182 13.708869997324554
70359 13.708869997324554
70386 31.494712829589844
70561 62.98942565917969
70669 67.51039484191143
70861 58.771212257969765
70865 14.692803064492441
70891 72.35584963690772
71075 14.692803064492441
71243 72.35584963690772
71551 31.494712829589844
71718 27.417739994649107
71918 15.747356414794922
72013 14.692803064492441
72187 72.35584963690772
72212 72.35584963690772
72226 15.747356414794922
72347 29.385606128984882
72418 15.747356414794922
72506 33.75519742095572
72635 14.692803064492441
72655 62.98942565917969
72883 31.494712829589844
72990 33.75519742095572
73152 72.35584963690772
73206 15.747356414794922
73286 13.708869997324554
73451 25.58165596838583
73520 15.747356414794922
73551 33.75519742095572
73698 14.692803064492441
73752 72.35584963690772
73850 33.75519742095572
73925 15.747356414794922
73950 14.692803064492441
73990 67.51039484191143
74079 29.385606128984882
74235 15.747356414794922
74446 72.35584963690772
74451 31.494712829589844
74466 13.708869997324554
74473 72.35584963690772
74505 33.75519742095572
74543 14.692803064492441
74595 15.747356414794922
74629 33.75519742095572
74689 14.692803064492441
74996 15.747356414794922
75071 62.98942565917969
75198 31.494712829589844
75237 67.51039484191143
75377 33.75519742095572
75406 33.75519742095572
75528 12.790827984192916
75631 31.494712829589844
75883 62.98942565917969
75885 67.51039484191143
75964 31.494712829589844
76044 31.494712829589844
76152 67.51039484191143
76212 67.51039484191143
76229 72.35584963690772
76343 72.35584963690772
76539 33.75519742095572
76574 144.71169927381544
76721 15.747356414794922
76924 72.35584963690772
77070 29.385606128984882
77086 144.71169927381544
77445 15.747356414794922
77492 15.747356414794922
77533 33.75519742095572
77619 31.494712829589844
77710 33.75519742095572
77738 14.692803064492441
77815 67.51039484191143
77817 15.747356414794922
77863 33.75519742095572
78077 33.75519742095572
78080 31.494712829589844
78084 31.494712829589844
78437 62.98942565917969
78522 29.385606128984882
78906 33.75519742095572
78959 33.75519742095572
79033 14.692803064492441
79265 29.385606128984882
79465 67.51039484191143
79494 33.75519742095572
79517 29.385606128984882
79567 15.747356414794922
79573 14.692803064492441
79651 13.708869997324554
79777 33.75519742095572
79779 58.771212257969765
79880 62.98942565917969
79908 155.09815900020797
79928 14.692803064492441
79965 14.692803064492441
80000 72.35584963690772
80124 15.747356414794922
80405 29.385606128984882
80565 14.692803064492441
80590 14.692803064492441
80788 33.75519742095572
80790 72.35584963690772
80798 15.747356414794922
80870 33.75519742095572
80940 31.494712829589844
81026 67.51039484191143
81094 15.747356414794922
81159 72.35584963690772
81212 15.747356414794922
81221 31.494712829589844
81434 14.692803064492441
81567 33.75519742095572
81634 13.708869997324554
81775 33.75519742095572
81791 31.494712829589844
81862 15.747356414794922
81908 72.35584963690772
81974 15.747356414794922
82116 72.35584963690772
82130 72.35584963690772
82157 67.51039484191143
82203 31.494712829589844
82249 29.385606128984882
82355 13.708869997324554
82644 155.09815900020797
82675 62.98942565917969
82694 25.58165596838583
82745 72.35584963690772
82813 14.692803064492441
82923 13.708869997324554
82941 29.385606128984882
83035 72.35584963690772
83157 15.747356414794922
83165 72.35584963690772
83182 14.692803064492441
83452 15.747356414794922
83559 13.708869997324554
83608 67.51039484191143
83611 15.747356414794922
83624 33.75519742095572
83892 29.385606128984882
83977 15.747356414794922
83980 72.35584963690772
84181 14.692803064492441
84443 27.417739994649107
84516 29.385606128984882
84837 15.747356414794922
84859 33.75519742095572
84937 31.494712829589844
85077 33.75519742095572
85313 15.747356414794922
85475 31.494712829589844
85525 31.494712829589844
85903 31.494712829589844
86064 14.692803064492441
86090 14.692803064492441
86474 15.747356414794922
86599 31.494712829589844
86695 29.385606128984882
86842 15.747356414794922
86897 15.747356414794922
87077 33.75519742095572
87174 29.385606128984882
87221 15.747356414794922
87279 31.494712829589844
87376 67.51039484191143
87378 31.494712829589844
87585 29.385606128984882
87808 33.75519742095572
88131 15.747356414794922
88402 14.692803064492441
88433 29.385606128984882
88467 27.417739994649107
88538 31.494712829589844
88598 13.708869997324554
88630 33.75519742095572
88679 31.494712829589844