3301 14.692803064492441
4915 15.747356414794922
7059 12.790827984192916
8238 12.790827984192916
9092 14.692803064492441
10305 14.692803064492441
11204 15.747356414794922
12605 15.747356414794922
13869 33.75519742095572
15205 15.747356414794922
15357 15.747356414794922
15435 14.692803064492441
17313 13.708869997324554
18326 15.747356414794922
18686 33.75519742095572
19243 33.75519742095572
19734 14.692803064492441
19814 14.692803064492441
20549 15.747356414794922
21296 33.75519742095572
22798 15.747356414794922
22849 15.747356414794922
22864 29.385606128984882
23071 31.494712829589844
23848 15.747356414794922
24256 29.385606128984882
24355 33.75519742095572
24425 33.75519742095572
27248 15.747356414794922
27394 31.494712829589844
27918 13.708869997324554
28127 15.747356414794922
28886 33.75519742095572
28985 33.75519742095572
29867 27.417739994649107
30519 15.747356414794922
30913 31.494712829589844
31130 33.75519742095572
31187 15.747356414794922
31865 31.494712829589844
32267 15.747356414794922
32321 14.692803064492441
32600 31.494712829589844
33296 27.417739994649107
34120 15.747356414794922
35270 33.75519742095572
35801 14.692803064492441
37251 14.692803064492441
37629 14.692803064492441
37870 14.692803064492441
38042 14.692803064492441
38298 15.747356414794922
38556 14.692803064492441
38624 31.494712829589844
38863 12.790827984192916
39096 27.417739994649107
39102 31.494712829589844
39675 15.747356414794922
39817 33.75519742095572
40013 15.747356414794922
40020 14.692803064492441
40209 31.494712829589844
40410 14.692803064492441
40436 72.35584963690772
40581 31.494712829589844
41018 29.385606128984882
41289 33.75519742095572
41383 62.98942565917969
41414 29.385606128984882
41666 29.385606128984882
41990 15.747356414794922
42141 13.708869997324554
42505 15.747356414794922
43042 15.747356414794922
43175 33.75519742095572
43234 58.771212257969765
43293 31.494712829589844
43303 13.708869997324554
44734 33.75519742095572
44894 67.51039484191143
45155 15.747356414794922
45296 15.747356414794922
46254 33.75519742095572
46325 29.385606128984882
46410 15.747356414794922
46443 31.494712829589844
46838 14.692803064492441
47124 33.75519742095572
48015 29.385606128984882
48074 15.747356414794922
48075 15.747356414794922
48156 33.75519742095572
48749 29.385606128984882
48921 13.708869997324554
49288 33.75519742095572
49290 31.494712829589844
49699 25.58165596838583
50012 29.385606128984882
50071 33.75519742095572
50079 29.385606128984882
50490 33.75519742095572
50594 33.75519742095572
51113 15.747356414794922
51130 15.747356414794922
51184 31.494712829589844
51471 31.494712829589844
51941 13.708869997324554
51946 31.494712829589844
51970 31.494712829589844
52133 33.75519742095572
52345 31.494712829589844
52347 13.708869997324554
52534 58.771212257969765
52655 13.708869997324554
52693 62.98942565917969
52818 15.747356414794922
52833 31.494712829589844
52858 29.385606128984882
52866 15.747356414794922
53183 14.692803064492441
53258 14.692803064492441
53369 33.75519742095572
53516 33.75519742095572
53680 15.747356414794922
53855 15.747356414794922
53864 33.75519742095572
54404 29.385606128984882
54548 31.494712829589844
54784 31.494712829589844
54917 33.75519742095572
54957 29.385606128984882
55059 31.494712829589844
55069 29.385606128984882
55315 29.385606128984882
55503 31.494712829589844
55526 31.494712829589844
55911 15.747356414794922
56029 15.747356414794922
56822 25.58165596838583
57257 72.35584963690772
57428 72.35584963690772
57707 29.385606128984882
57910 31.494712829589844
57918 31.494712829589844
57955 12.790827984192916
58254 29.385606128984882
58886 29.385606128984882
58997 15.747356414794922
59039 33.75519742095572
59192 31.494712829589844
59345 29.385606128984882
59519 33.75519742095572
59825 31.494712829589844
59969 33.75519742095572
60059 72.35584963690772
60140 15.747356414794922
60196 33.75519742095572
60214 67.51039484191143
60225 31.494712829589844
60380 31.494712829589844
60547 15.747356414794922
60794 15.747356414794922
61074 31.494712829589844
61090 29.385606128984882
61383 31.494712829589844
61416 58.771212257969765
61561 31.494712829589844
61592 31.494712829589844
61759 33.75519742095572
61774 27.417739994649107
61911 33.75519742095572
61932 29.385606128984882
61995 15.747356414794922
62064 31.494712829589844
62088 31.494712829589844
62146 15.747356414794922
62244 31.494712829589844
62250 33.75519742095572
62359 29.385606128984882
62503 33.75519742095572
62578 33.75519742095572
62671 15.747356414794922
62818 33.75519742095572
62983 62.98942565917969
63023 31.494712829589844
63899 54.835479989298214
64265 31.494712829589844
64375 15.747356414794922
64553 33.75519742095572
64555 29.385606128984882
64662 31.494712829589844
64887 33.75519742095572
64898 23.868528996648458
64899 23.868528996648458
64947 15.747356414794922
65020 33.75519742095572
65029 67.51039484191143
65056 31.494712829589844
65073 31.494712829589844
65130 31.494712829589844
65677 29.385606128984882
65749 67.51039484191143
65856 31.494712829589844
65992 31.494712829589844
65999 67.51039484191143
66085 62.98942565917969
66618 31.494712829589844
66672 33.75519742095572
66679 33.75519742095572
66920 62.98942565917969
67046 33.75519742095572
67118 72.35584963690772
67125 14.692803064492441
67262 72.35584963690772
67345 31.494712829589844
67515 31.494712829589844
67629 33.75519742095572
67900 67.51039484191143
67916 31.494712829589844
67926 13.708869997324554
68074 31.494712829589844
68101 15.747356414794922
68500 15.747356414794922
68615 31.494712829589844
68772 33.75519742095572
68785 15.747356414794922
68786 33.75519742095572
68993 15.747356414794922
69118 62.98942565917969
69224 31.494712829589844
69288 15.747356414794922
69453 33.75519742095572
69549 33.75519742095572
69569 31.494712829589844
69625 29.385606128984882
69649 15.747356414794922
69696 33.75519742095572
69742 33.75519742095572
69987 31.494712829589844
70083 14.692803064492441
70381 29.385606128984882
70519 15.747356414794922
70550 14.692803064492441
70586 27.417739994649107
70690 72.35584963690772
70758 14.692803064492441
70784 62.98942565917969
70789 33.75519742095572
70814 15.747356414794922
70885 29.385606128984882
70911 29.385606128984882
71037 67.51039484191143
71041 67.51039484191143
71077 27.417739994649107
71106 31.494712829589844
71136 14.692803064492441
71276 72.35584963690772
71298 31.494712829589844
71346 67.51039484191143
71373 31.494712829589844
71469 29.385606128984882
71567 31.494712829589844
71578 15.747356414794922
71593 31.494712829589844
71656 33.75519742095572
71910 29.385606128984882
71953 33.75519742095572
71962 29.385606128984882
72038 15.747356414794922
72061 72.35584963690772
72134 31.494712829589844
72381 58.771212257969765
72496 31.494712829589844
72589 33.75519742095572
72636 15.747356414794922
72770 33.75519742095572
72776 29.385606128984882
72944 31.494712829589844
72958 31.494712829589844
72986 31.494712829589844
72997 33.75519742095572
73003 67.51039484191143
73077 33.75519742095572
73111 29.385606128984882
73674 31.494712829589844
73797 67.51039484191143
73852 29.385606128984882
74110 27.417739994649107
74247 29.385606128984882
74339 33.75519742095572
74418 31.494712829589844
74770 15.747356414794922
74791 33.75519742095572
74910 33.75519742095572
74923 33.75519742095572
75114 31.494712829589844
75186 33.75519742095572
75304 33.75519742095572
75555 31.494712829589844
75707 29.385606128984882
75827 31.494712829589844
75834 14.692803064492441
75855 72.35584963690772
75864 33.75519742095572
75929 29.385606128984882
75955 54.835479989298214
75970 33.75519742095572
76213 33.75519742095572
76222 33.75519742095572
76357 58.771212257969765
76401 29.385606128984882
76435 31.494712829589844
76507 135.02078968382287
76585 33.75519742095572
76586 125.97885131835938
76721 58.771212257969765
76727 67.51039484191143
76885 33.75519742095572
76919 27.417739994649107
76926 31.494712829589844
76971 31.494712829589844
77211 31.494712829589844
77256 31.494712829589844
77372 15.747356414794922
77439 67.51039484191143
77605 67.51039484191143
77622 33.75519742095572
77753 54.835479989298214
77972 67.51039484191143
78146 33.75519742095572
78186 14.692803064492441
78287 62.98942565917969
78509 31.494712829589844
78801 54.835479989298214
78957 72.35584963690772
78986 15.747356414794922
79136 31.494712829589844
79184 31.494712829589844
79352 33.75519742095572
79389 25.58165596838583
79468 33.75519742095572
79549 15.747356414794922
79631 67.51039484191143
79760 62.98942565917969
79898 14.692803064492441
80193 33.75519742095572
80202 33.75519742095572
80264 33.75519742095572
80388 31.494712829589844
80668 72.35584963690772
81052 72.35584963690772
81111 29.385606128984882
81189 31.494712829589844
81237 33.75519742095572
81803 33.75519742095572
82009 29.385606128984882
82110 31.494712829589844
82119 72.35584963690772
82168 72.35584963690772
82210 33.75519742095572
82316 31.494712829589844
82371 33.75519742095572
82697 29.385606128984882
82849 67.51039484191143
82935 15.747356414794922
83040 31.494712829589844
83050 67.51039484191143
83057 31.494712829589844
83127 31.494712829589844
83291 31.494712829589844
83302 67.51039484191143
83518 15.747356414794922
83593 15.747356414794922
83822 33.75519742095572
83932 33.75519742095572
84043 33.75519742095572
84302 31.494712829589844
84350 31.494712829589844
84356 15.747356414794922
84684 15.747356414794922
84800 31.494712829589844
84828 29.385606128984882
84934 31.494712829589844
85109 67.51039484191143
85248 14.692803064492441
85497 31.494712829589844
85622 31.494712829589844
85688 15.747356414794922
85829 31.494712829589844
85934 27.417739994649107
86011 72.35584963690772
86014 33.75519742095572
86438 29.385606128984882
86454 62.98942565917969
86708 31.494712829589844
87021 31.494712829589844
87029 31.494712829589844
87460 62.98942565917969
87623 33.75519742095572
87631 72.35584963690772