4223 13.708869997324554
9178 14.692803064492441
10089 12.790827984192916
11330 13.708869997324554
15992 14.692803064492441
16771 14.692803064492441
17980 13.708869997324554
18200 14.692803064492441
18245 13.708869997324554
18542 13.708869997324554
20256 14.692803064492441
20503 14.692803064492441
20510 13.708869997324554
20915 14.692803064492441
21012 13.708869997324554
21175 14.692803064492441
21721 11.934264498324229
22073 13.708869997324554
22827 14.692803064492441
22986 14.692803064492441
23690 13.708869997324554
24143 14.692803064492441
24419 14.692803064492441
24494 15.747356414794922
25522 14.692803064492441
25597 14.692803064492441
25850 15.747356414794922
26240 13.708869997324554
26517 14.692803064492441
26962 15.747356414794922
27348 29.385606128984882
27424 13.708869997324554
27515 14.692803064492441
28451 33.75519742095572
28797 13.708869997324554
29549 12.790827984192916
30449 14.692803064492441
30968 13.708869997324554
32294 15.747356414794922
32551 11.934264498324229
32711 33.75519742095572
32838 14.692803064492441
33430 13.708869997324554
33869 29.385606128984882
33990 33.75519742095572
34076 14.692803064492441
34179 29.385606128984882
34616 14.692803064492441
35250 14.692803064492441
35530 33.75519742095572
35535 13.708869997324554
36268 14.692803064492441
36440 15.747356414794922
36441 15.747356414794922
37013 14.692803064492441
37037 14.692803064492441
37170 33.75519742095572
37534 29.385606128984882
38772 13.708869997324554
38825 13.708869997324554
39193 14.692803064492441
39476 14.692803064492441
40030 14.692803064492441
40201 15.747356414794922
40224 12.790827984192916
40670 29.385606128984882
40972 31.494712829589844
41103 14.692803064492441
41115 12.790827984192916
41227 14.692803064492441
41394 14.692803064492441
41829 12.790827984192916
42008 14.692803064492441
42028 14.692803064492441
42036 14.692803064492441
42123 15.747356414794922
42323 14.692803064492441
42371 15.747356414794922
42435 13.708869997324554
42644 14.692803064492441
42716 12.790827984192916
42916 29.385606128984882
43069 33.75519742095572
43570 13.708869997324554
44018 14.692803064492441
44026 13.708869997324554
44502 15.747356414794922
44554 14.692803064492441
44735 72.35584963690772
44879 31.494712829589844
45302 15.747356414794922
45377 13.708869997324554
45445 31.494712829589844
45461 31.494712829589844
45565 14.692803064492441
45796 15.747356414794922
46040 14.692803064492441
46143 33.75519742095572
46208 14.692803064492441
46285 31.494712829589844
46462 14.692803064492441
46478 14.692803064492441
46870 33.75519742095572
47061 14.692803064492441
47280 14.692803064492441
47331 14.692803064492441
47669 31.494712829589844
47803 14.692803064492441
48012 11.934264498324229
48188 31.494712829589844
48212 15.747356414794922
48332 14.692803064492441
49127 15.747356414794922
49389 31.494712829589844
49412 14.692803064492441
49553 13.708869997324554
50143 31.494712829589844
50390 13.708869997324554
50607 29.385606128984882
51261 14.692803064492441
51353 14.692803064492441
51738 13.708869997324554
51981 29.385606128984882
52470 31.494712829589844
52530 31.494712829589844
52703 14.692803064492441
52917 12.790827984192916
53497 31.494712829589844
53504 15.747356414794922
53836 14.692803064492441
53975 14.692803064492441
55274 15.747356414794922
55282 15.747356414794922
55576 14.692803064492441
55654 33.75519742095572
56011 31.494712829589844
56075 29.385606128984882
56106 31.494712829589844
56471 14.692803064492441
56498 14.692803064492441
56511 14.692803064492441
56603 29.385606128984882
56756 33.75519742095572
56955 31.494712829589844
57112 33.75519742095572
57194 33.75519742095572
57382 13.708869997324554
57409 31.494712829589844
57552 13.708869997324554
57566 12.790827984192916
57603 31.494712829589844
57739 15.747356414794922
57867 11.934264498324229
57905 33.75519742095572
57940 33.75519742095572
58168 31.494712829589844
58276 31.494712829589844
58333 13.708869997324554
58478 33.75519742095572
58835 29.385606128984882
59006 72.35584963690772
59084 31.494712829589844
59086 29.385606128984882
59098 31.494712829589844
59511 13.708869997324554
59520 33.75519742095572
59579 31.494712829589844
59636 33.75519742095572
59750 14.692803064492441
59855 15.747356414794922
60129 58.771212257969765
60350 33.75519742095572
60516 14.692803064492441
60591 58.771212257969765
61081 31.494712829589844
61243 29.385606128984882
61359 31.494712829589844
61759 13.708869997324554
61933 31.494712829589844
61949 15.747356414794922
62040 31.494712829589844
62335 155.09815900020797
62345 31.494712829589844
62413 72.35584963690772
62613 31.494712829589844
63241 15.747356414794922
63249 14.692803064492441
63549 33.75519742095572
63683 14.692803064492441
63754 31.494712829589844
63844 33.75519742095572
64091 33.75519742095572
64124 13.708869997324554
64661 14.692803064492441
64718 29.385606128984882
64858 33.75519742095572
65003 31.494712829589844
65111 14.692803064492441
65210 31.494712829589844
65300 27.417739994649107
65366 33.75519742095572
65591 67.51039484191143
65660 33.75519742095572
65722 31.494712829589844
65930 14.692803064492441
65938 29.385606128984882
66475 13.708869997324554
66500 62.98942565917969
66511 14.692803064492441
66564 33.75519742095572
66637 29.385606128984882
66833 144.71169927381544
66984 29.385606128984882
67069 29.385606128984882
67268 67.51039484191143
67346 29.385606128984882
67360 67.51039484191143
67430 13.708869997324554
67488 14.692803064492441
67585 14.692803064492441
67717 29.385606128984882
67838 14.692803064492441
68281 29.385606128984882
68566 13.708869997324554
68615 62.98942565917969
68685 29.385606128984882
68736 72.35584963690772
68866 33.75519742095572
68867 33.75519742095572
69002 29.385606128984882
69116 31.494712829589844
69163 67.51039484191143
69188 14.692803064492441
69482 31.494712829589844
69641 15.747356414794922
70106 67.51039484191143
70400 72.35584963690772
70436 31.494712829589844
70545 33.75519742095572
70630 14.692803064492441
70957 14.692803064492441
70961 33.75519742095572
70984 14.692803064492441
71145 33.75519742095572
71395 15.747356414794922
71558 31.494712829589844
71567 31.494712829589844
71773 14.692803064492441
71919 29.385606128984882
72073 14.692803064492441
72133 14.692803064492441
72182 72.35584963690772
72228 31.494712829589844
72251 29.385606128984882
72299 67.51039484191143
72337 15.747356414794922
72389 33.75519742095572
72446 31.494712829589844
72480 33.75519742095572
72813 29.385606128984882
72818 31.494712829589844
72937 33.75519742095572
72982 67.51039484191143
72984 29.385606128984882
73210 13.708869997324554
73220 29.385606128984882
73222 29.385606128984882
73263 31.494712829589844
73417 33.75519742095572
73531 67.51039484191143
73579 72.35584963690772
73617 31.494712829589844
73647 33.75519742095572
73831 31.494712829589844
73839 33.75519742095572
73989 33.75519742095572
74063 15.747356414794922
74168 14.692803064492441
74218 13.708869997324554
74363 29.385606128984882
74434 72.35584963690772
74491 13.708869997324554
74522 31.494712829589844
74555 14.692803064492441
74915 29.385606128984882
75200 33.75519742095572
75246 13.708869997324554
75255 33.75519742095572
75534 135.02078968382287
75544 33.75519742095572
75583 31.494712829589844
75993 31.494712829589844
76055 33.75519742095572
76392 27.417739994649114
76577 67.51039484191143
76853 29.385606128984882
76857 33.75519742095572
76891 14.692803064492441
77153 14.692803064492441
77229 31.494712829589844
77285 15.747356414794922
77322 29.385606128984882
77374 31.494712829589844
77376 67.51039484191143
77613 12.790827984192916
77622 33.75519742095572
77630 13.708869997324554
77655 29.385606128984882
77910 67.51039484191143
78015 33.75519742095572
78090 67.51039484191143
78262 15.747356414794922
78361 31.494712829589844
79131 31.494712829589844
79225 31.494712829589844
79313 29.385606128984882
79331 144.71169927381544
79355 13.708869997324554
79404 14.692803064492441
79446 14.692803064492441
79572 67.51039484191143
79590 14.692803064492441
79638 155.09815900020797
79794 13.708869997324554
79956 31.494712829589844
79957 31.494712829589844
79992 15.747356414794922
80183 13.708869997324554
80208 31.494712829589844
80297 13.708869997324554
80453 144.71169927381544
80496 144.71169927381544
80577 72.35584963690772
80669 29.385606128984882
80686 72.35584963690772
80727 13.708869997324554
80744 14.692803064492441
80832 144.71169927381544
80899 14.692803064492441
80945 33.75519742095572
81101 15.747356414794922
81170 62.98942565917969
81559 33.75519742095572
81679 33.75519742095572
81989 62.98942565917969
82096 72.35584963690772
82259 33.75519742095572
82314 31.494712829589844
82370 14.692803064492441
82374 14.692803064492441
82420 29.385606128984882
82643 31.494712829589844
82913 15.747356414794922
83082 29.385606128984882
83221 29.385606128984882
83258 14.692803064492441
83321 33.75519742095572
83538 27.417739994649107
83541 15.747356414794922
83563 14.692803064492441
83777 29.385606128984882
83959 155.09815900020797
83960 13.708869997324554
83976 33.75519742095572
84118 72.35584963690772
84352 29.385606128984882
84592 29.385606128984882
84878 31.494712829589844
85067 31.494712829589844
85311 13.708869997324554
85371 144.71169927381544
85433 33.75519742095572
85474 27.417739994649107
85481 33.75519742095572
85583 31.494712829589844
85734 33.75519742095572
85791 13.708869997324554
86050 15.747356414794922
86104 15.747356414794922
86136 33.75519742095572
86206 13.708869997324554
86276 31.494712829589844
86636 14.692803064492441
86668 14.692803064492441
86738 58.771212257969765
86848 14.692803064492441
87002 31.494712829589844
87018 33.75519742095572
87318 15.747356414794922
87446 33.75519742095572
87703 14.692803064492441
88058 15.747356414794922
88144 15.747356414794922
88186 67.51039484191143
88579 31.494712829589844
88655 13.708869997324554
88666 33.75519742095572
88805 31.494712829589844
88896 31.494712829589844
88915 31.494712829589844