2735 15.747356414794922
6126 15.747356414794922
6314 14.692803064492441
7081 15.747356414794922
8048 15.747356414794922
9369 15.747356414794922
9806 14.692803064492441
10022 15.747356414794922
13313 14.692803064492441
18131 15.747356414794922
18238 15.747356414794922
18933 14.692803064492441
19135 33.75519742095572
20417 14.692803064492441
20845 15.747356414794922
21288 14.692803064492441
21769 14.692803064492441
22287 33.75519742095572
22576 15.747356414794922
22693 15.747356414794922
22753 15.747356414794922
23152 31.494712829589844
23706 11.934264498324229
23887 15.747356414794922
23908 31.494712829589844
24058 15.747356414794922
24361 33.75519742095572
24362 31.494712829589844
25012 33.75519742095572
26005 14.692803064492441
27657 14.692803064492441
27819 15.747356414794922
28147 33.75519742095572
28429 14.692803064492441
28675 15.747356414794922
29716 12.790827984192916
30209 15.747356414794922
30368 15.747356414794922
31909 33.75519742095572
32001 14.692803064492441
32603 13.708869997324554
32754 15.747356414794922
33424 15.747356414794922
33577 14.692803064492441
33688 31.494712829589844
34116 33.75519742095572
36054 29.385606128984882
36240 33.75519742095572
36317 13.708869997324554
36958 33.75519742095572
37027 15.747356414794922
37072 29.385606128984882
37087 33.75519742095572
37387 15.747356414794922
38006 33.75519742095572
38103 31.494712829589844
38315 29.385606128984882
38747 14.692803064492441
38855 13.708869997324554
40221 15.747356414794922
40292 12.790827984192916
40334 29.385606128984882
40766 29.385606128984882
40978 14.692803064492441
41597 33.75519742095572
42048 15.747356414794922
42397 29.385606128984882
42938 14.692803064492441
42968 31.494712829589844
42980 29.385606128984882
43010 31.494712829589844
43252 15.747356414794922
44114 13.708869997324554
44334 29.385606128984882
44842 14.692803064492441
44851 13.708869997324554
45222 14.692803064492441
45924 31.494712829589844
46054 67.51039484191143
46702 31.494712829589844
46732 14.692803064492441
47678 33.75519742095572
49187 72.35584963690772
49345 14.692803064492441
49599 14.692803064492441
49821 33.75519742095572
51075 67.51039484191143
51253 15.747356414794922
51309 33.75519742095572
51484 14.692803064492441
51507 72.35584963690772
51618 14.692803064492441
51710 14.692803064492441
52595 29.385606128984882
52859 15.747356414794922
53131 33.75519742095572
53563 72.35584963690772
53634 14.692803064492441
53978 15.747356414794922
54149 33.75519742095572
54169 31.494712829589844
54238 31.494712829589844
54327 67.51039484191143
54541 14.692803064492441
54773 33.75519742095572
55232 67.51039484191143
55433 15.747356414794922
55645 31.494712829589844
55727 15.747356414794922
55814 67.51039484191143
55863 67.51039484191143
55927 33.75519742095572
55953 67.51039484191143
56483 14.692803064492441
56578 15.747356414794922
56618 13.708869997324554
56679 14.692803064492441
56759 15.747356414794922
56998 29.385606128984882
57173 31.494712829589844
57626 31.494712829589844
57637 31.494712829589844
57760 15.747356414794922
57802 33.75519742095572
57883 67.51039484191143
57907 67.51039484191143
58081 15.747356414794922
58252 72.35584963690772
58510 31.494712829589844
58589 67.51039484191143
58880 31.494712829589844
58941 31.494712829589844
58967 14.692803064492441
59108 33.75519742095572
59648 31.494712829589844
59771 29.385606128984882
59975 31.494712829589844
60283 31.494712829589844
60588 29.385606128984882
60701 33.75519742095572
60885 31.494712829589844
61106 15.747356414794922
61116 33.75519742095572
61246 72.35584963690772
61514 29.385606128984882
61698 15.747356414794922
61901 33.75519742095572
61981 14.692803064492441
62161 31.494712829589844
62167 33.75519742095572
62174 72.35584963690772
62265 31.494712829589844
62338 29.385606128984882
62380 72.35584963690772
62495 15.747356414794922
62502 27.417739994649107
62569 58.771212257969765
62779 33.75519742095572
63041 72.35584963690772
63937 33.75519742095572
63987 13.708869997324554
64027 31.494712829589844
64253 31.494712829589844
64329 33.75519742095572
64641 13.708869997324554
64728 33.75519742095572
64856 72.35584963690772
65285 31.494712829589844
65708 33.75519742095572
65930 29.385606128984882
65982 33.75519742095572
66020 15.747356414794922
66070 31.494712829589844
66259 33.75519742095572
66295 31.494712829589844
66303 72.35584963690772
66507 67.51039484191143
66582 72.35584963690772
66600 31.494712829589844
66627 31.494712829589844
66719 72.35584963690772
66767 33.75519742095572
66939 33.75519742095572
66985 15.747356414794922
67010 67.51039484191143
67350 15.747356414794922
67450 29.385606128984882
67452 14.692803064492441
67715 67.51039484191143
67759 33.75519742095572
67762 67.51039484191143
67938 33.75519742095572
68301 31.494712829589844
68445 31.494712829589844
68635 33.75519742095572
68774 135.02078968382287
68813 31.494712829589844
68964 67.51039484191143
69040 33.75519742095572
69044 15.747356414794922
69146 67.51039484191143
69171 67.51039484191143
69204 67.51039484191143
69227 72.35584963690772
69324 67.51039484191143
69387 15.747356414794922
69492 14.692803064492441
69695 67.51039484191143
69748 72.35584963690772
69771 33.75519742095572
69779 72.35584963690772
69883 14.692803064492441
69996 33.75519742095572
70091 33.75519742095572
70295 15.747356414794922
70411 33.75519742095572
70545 135.02078968382287
70666 13.708869997324554
70673 15.747356414794922
71016 67.51039484191143
71172 15.747356414794922
71406 67.51039484191143
71413 31.494712829589844
71477 29.385606128984882
71512 31.494712829589844
71557 155.09815900020797
71961 15.747356414794922
72006 14.692803064492441
72091 58.771212257969765
72291 33.75519742095572
72299 72.35584963690772
72326 67.51039484191143
72354 29.385606128984882
72405 72.35584963690772
72568 135.02078968382287
72640 15.747356414794922
72817 31.494712829589844
72821 31.494712829589844
72894 33.75519742095572
72967 31.494712829589844
73045 15.747356414794922
73176 31.494712829589844
73372 13.708869997324554
73384 15.747356414794922
73535 15.747356414794922
73654 27.417739994649107
73790 15.747356414794922
73903 14.692803064492441
73960 31.494712829589844
74070 72.35584963690772
74123 14.692803064492441
74157 31.494712829589844
74198 144.71169927381544
74292 33.75519742095572
74348 15.747356414794922
74451 31.494712829589844
74560 33.75519742095572
74566 31.494712829589844
74777 72.35584963690772
74790 33.75519742095572
74806 72.35584963690772
74892 33.75519742095572
74977 31.494712829589844
75105 67.51039484191143
75133 14.692803064492441
75308 33.75519742095572
75425 31.494712829589844
75513 31.494712829589844
75776 67.51039484191143
75782 15.747356414794922
75816 31.494712829589844
75904 14.692803064492441
76038 33.75519742095572
76269 62.98942565917969
76351 62.98942565917969
76355 67.51039484191143
76417 33.75519742095572
76598 31.494712829589844
76704 72.35584963690772
76801 33.75519742095572
77034 67.51039484191143
77044 31.494712829589844
77061 67.51039484191143
77087 62.98942565917969
77243 144.71169927381544
77307 29.385606128984882
77584 72.35584963690772
77770 72.35584963690772
77829 33.75519742095572
77986 14.692803064492441
78059 67.51039484191143
78065 15.747356414794922
78204 33.75519742095572
78352 31.494712829589844
78774 72.35584963690772
78795 72.35584963690772
78796 29.385606128984882
79021 155.09815900020797
79024 33.75519742095572
79043 15.747356414794922
79112 67.51039484191143
79114 72.35584963690772
79185 67.51039484191143
79627 29.385606128984882
79695 15.747356414794922
79699 29.385606128984882
79710 33.75519742095572
79766 33.75519742095572
79782 67.51039484191143
79952 31.494712829589844
80007 15.747356414794922
80227 29.385606128984882
80275 31.494712829589844
80306 29.385606128984882
80640 31.494712829589844
80682 13.708869997324554
80762 33.75519742095572
80805 31.494712829589844
80853 144.71169927381544
80906 15.747356414794922
81026 31.494712829589844
81165 31.494712829589844
81172 29.385606128984882
81182 67.51039484191143
81324 14.692803064492441
81375 33.75519742095572
81408 62.98942565917969
81422 33.75519742095572
81698 62.98942565917969
82027 33.75519742095572
82042 15.747356414794922
82167 31.494712829589844
82255 33.75519742095572
82320 67.51039484191143
82325 29.385606128984882
82427 72.35584963690772
82581 33.75519742095572
82630 144.71169927381544
82638 67.51039484191143
82689 33.75519742095572
82835 67.51039484191143
83111 31.494712829589844
83194 72.35584963690772
83374 15.747356414794922
83414 72.35584963690772
83439 33.75519742095572
83560 67.51039484191143
83624 15.747356414794922
83800 125.97885131835938
83805 31.494712829589844
83838 14.692803064492441
83932 29.385606128984882
83934 14.692803064492441
84178 67.51039484191143
84192 72.35584963690772
84305 33.75519742095572
84311 29.385606128984882
84323 72.35584963690772
84340 62.98942565917969
84386 33.75519742095572
84491 33.75519742095572
84699 15.747356414794922
84722 15.747356414794922
84736 14.692803064492441
85014 12.790827984192916
85048 67.51039484191143
85155 31.494712829589844
85200 31.494712829589844
85334 15.747356414794922
85355 33.75519742095572
85360 72.35584963690772
85387 27.417739994649114
85402 33.75519742095572
85415 33.75519742095572
85569 125.97885131835938
85681 67.51039484191143
86012 31.494712829589844
86196 144.71169927381544
86244 72.35584963690772
86262 72.35584963690772
86381 13.708869997324554
86411 12.790827984192916
86416 33.75519742095572
86650 58.771212257969765
86681 72.35584963690772
86683 31.494712829589844
86687 15.747356414794922
86689 135.02078968382287
86801 72.35584963690772
86962 14.692803064492441
87029 29.385606128984882
87120 14.692803064492441
87149 15.747356414794922
87331 25.58165596838583
87623 72.35584963690772
87652 31.494712829589844
87725 72.35584963690772
87882 33.75519742095572
88195 72.35584963690772
88204 15.747356414794922