5182 13.708869997324554
5649 15.747356414794922
5672 15.747356414794922
5770 14.692803064492441
5899 15.747356414794922
7256 33.75519742095572
11193 15.747356414794922
12539 15.747356414794922
13067 14.692803064492441
13822 67.51039484191143
13984 14.692803064492441
14746 14.692803064492441
14798 15.747356414794922
14911 14.692803064492441
16236 15.747356414794922
16259 15.747356414794922
16931 15.747356414794922
17526 14.692803064492441
17563 13.708869997324554
18606 29.385606128984882
18930 14.692803064492441
21475 33.75519742095572
21841 33.75519742095572
22097 33.75519742095572
22099 33.75519742095572
22136 33.75519742095572
22478 14.692803064492441
22968 33.75519742095572
23569 31.494712829589844
24446 13.708869997324554
24587 15.747356414794922
25614 67.51039484191143
26454 13.708869997324554
26684 13.708869997324554
27104 33.75519742095572
27409 33.75519742095572
27856 62.98942565917969
27895 29.385606128984882
28091 15.747356414794922
28557 15.747356414794922
28568 14.692803064492441
28860 13.708869997324554
29280 31.494712829589844
29622 67.51039484191143
29875 33.75519742095572
30116 67.51039484191143
30565 14.692803064492441
31962 72.35584963690772
32107 67.51039484191143
32447 31.494712829589844
32554 15.747356414794922
32884 31.494712829589844
33149 67.51039484191143
33165 67.51039484191143
33469 72.35584963690772
34028 72.35584963690772
34636 67.51039484191143
34843 58.771212257969765
35040 13.708869997324554
35166 13.708869997324554
35621 67.51039484191143
36972 33.75519742095572
36996 31.494712829589844
37156 67.51039484191143
37867 33.75519742095572
38025 67.51039484191143
38034 14.692803064492441
38565 14.692803064492441
39004 15.747356414794922
39630 67.51039484191143
39696 67.51039484191143
39877 72.35584963690772
40579 72.35584963690772
40594 72.35584963690772
40802 31.494712829589844
41089 67.51039484191143
41354 67.51039484191143
41475 72.35584963690772
41758 72.35584963690772
41941 72.35584963690772
42432 15.747356414794922
42953 31.494712829589844
43050 29.385606128984882
43266 155.09815900020797
43335 144.71169927381544
43724 14.692803064492441
44021 72.35584963690772
44308 58.771212257969765
44530 62.98942565917969
44574 72.35584963690772
44610 72.35584963690772
45046 33.75519742095572
45225 72.35584963690772
45451 72.35584963690772
45796 67.51039484191143
45827 72.35584963690772
45956 15.747356414794922
46812 155.09815900020797
47221 72.35584963690772
47235 33.75519742095572
47492 67.51039484191143
47515 72.35584963690772
47541 67.51039484191143
47602 67.51039484191143
47705 62.98942565917969
47905 15.747356414794922
47910 72.35584963690772
48092 62.98942565917969
48181 31.494712829589844
48397 72.35584963690772
48481 31.494712829589844
48698 33.75519742095572
48770 72.35584963690772
48842 72.35584963690772
48932 72.35584963690772
49401 72.35584963690772
49779 31.494712829589844
49903 67.51039484191143
50265 31.494712829589844
50342 72.35584963690772
50708 31.494712829589844
50770 15.747356414794922
51204 15.747356414794922
51813 72.35584963690772
52285 72.35584963690772
52523 155.09815900020797
52551 72.35584963690772
52603 67.51039484191143
52691 72.35584963690772
52965 72.35584963690772
53094 72.35584963690772
53095 72.35584963690772
53192 72.35584963690772
53331 72.35584963690772
53367 67.51039484191143
53684 144.71169927381544
53875 67.51039484191143
53902 29.385606128984882
54118 33.75519742095572
54319 72.35584963690772
54615 72.35584963690772
54617 72.35584963690772
54823 67.51039484191143
54922 67.51039484191143
55145 72.35584963690772
55149 72.35584963690772
55702 14.692803064492441
55901 67.51039484191143
55937 29.385606128984882
56238 67.51039484191143
56524 72.35584963690772
56609 72.35584963690772
56797 72.35584963690772
56861 62.98942565917969
56880 72.35584963690772
57040 72.35584963690772
57059 72.35584963690772
57180 62.98942565917969
57245 33.75519742095572
57584 67.51039484191143
57894 67.51039484191143
57975 15.747356414794922
58061 33.75519742095572
58442 67.51039484191143
58636 144.71169927381544
58694 72.35584963690772
58780 62.98942565917969
59101 33.75519742095572
59451 72.35584963690772
59538 62.98942565917969
59602 155.09815900020797
59789 72.35584963690772
60250 67.51039484191143
60251 67.51039484191143
60363 67.51039484191143
60644 67.51039484191143
60873 155.09815900020797
61093 72.35584963690772
61227 72.35584963690772
61292 58.771212257969765
61426 72.35584963690772
61679 72.35584963690772
61730 14.692803064492441
61817 67.51039484191143
61883 72.35584963690772
62045 33.75519742095572
62109 72.35584963690772
62163 14.692803064492441
62339 67.51039484191143
62361 332.46018180931486
62390 144.71169927381544
62512 33.75519742095572
62629 33.75519742095572
63048 310.19631800041594
63072 67.51039484191143
63080 72.35584963690772
63150 29.385606128984882
63250 72.35584963690772
63382 72.35584963690772
63488 72.35584963690772
63661 144.71169927381544
63789 72.35584963690772
64043 67.51039484191143
64231 72.35584963690772
64234 72.35584963690772
64245 72.35584963690772
64311 62.98942565917969
64490 15.747356414794922
64592 67.51039484191143
64643 31.494712829589844
64667 72.35584963690772
64883 67.51039484191143
64915 67.51039484191143
64924 72.35584963690772
64977 72.35584963690772
65210 72.35584963690772
65234 67.51039484191143
65603 67.51039484191143
65826 72.35584963690772
66041 62.98942565917969
66094 67.51039484191143
66298 72.35584963690772
66408 72.35584963690772
66438 72.35584963690772
66462 67.51039484191143
66526 58.771212257969765
66688 29.385606128984882
66727 67.51039484191143
66777 62.98942565917969
66875 72.35584963690772
66953 72.35584963690772
67010 67.51039484191143
67094 15.747356414794922
67095 15.747356414794922
67136 72.35584963690772
67139 72.35584963690772
67153 67.51039484191143
67179 72.35584963690772
67187 72.35584963690772
67481 67.51039484191143
67544 67.51039484191143
67569 62.98942565917969
67582 15.747356414794922
67586 67.51039484191143
67850 72.35584963690772
67859 144.71169927381544
67865 67.51039484191143
68270 72.35584963690772
68285 67.51039484191143
68442 72.35584963690772
68524 72.35584963690772
68552 72.35584963690772
68619 72.35584963690772
68684 14.692803064492441
68710 62.98942565917969
68801 72.35584963690772
68866 33.75519742095572
68981 72.35584963690772
69103 15.747356414794922
69145 31.494712829589844
69146 72.35584963690772
69151 72.35584963690772
69470 135.02078968382287
69494 155.09815900020797
69518 72.35584963690772
69595 67.51039484191143
69758 72.35584963690772
69770 67.51039484191143
69960 155.09815900020797
70416 67.51039484191143
70432 72.35584963690772
70550 155.09815900020797
70576 67.51039484191143
70682 31.494712829589844
70784 62.98942565917969
70895 67.51039484191143
71091 67.51039484191143
71116 67.51039484191143
71180 67.51039484191143
71186 72.35584963690772
71347 72.35584963690772
71453 29.385606128984882
71500 15.747356414794922
71551 62.98942565917969
71612 144.71169927381544
71775 72.35584963690772
71801 72.35584963690772
71885 33.75519742095572
71890 72.35584963690772
71980 31.494712829589844
72099 72.35584963690772
72485 155.09815900020797
72500 72.35584963690772
72515 72.35584963690772
72730 33.75519742095572
72895 72.35584963690772
72981 72.35584963690772
73004 67.51039484191143
73101 33.75519742095572
73143 67.51039484191143
73186 72.35584963690772
73277 67.51039484191143
73509 67.51039484191143
73570 72.35584963690772
73902 58.771212257969765
73932 62.98942565917969
73952 67.51039484191143
74200 155.09815900020797
74385 144.71169927381544
74388 72.35584963690772
74483 15.747356414794922
74561 332.46018180931486
74567 31.494712829589844
74582 72.35584963690772
74637 67.51039484191143
74729 155.09815900020797
74855 72.35584963690772
74986 67.51039484191143
75012 144.71169927381544
75119 155.09815900020797
75163 15.747356414794922
75345 72.35584963690772
75471 72.35584963690772
75568 67.51039484191143
75572 155.09815900020797
75711 144.71169927381544
75802 67.51039484191143
76008 72.35584963690772
76015 144.71169927381544
76088 72.35584963690772
76294 67.51039484191143
76336 72.35584963690772
76487 67.51039484191143
76560 155.09815900020797
76825 72.35584963690772
76890 62.98942565917969
77243 72.35584963690772
77369 31.494712829589844
77373 72.35584963690772
77494 144.71169927381544
77630 67.51039484191143
77761 67.51039484191143
77841 67.51039484191143
77885 58.771212257969765
77914 67.51039484191143
77990 72.35584963690772
78024 72.35584963690772
78249 72.35584963690772
78438 72.35584963690772
78549 144.71169927381544
78900 67.51039484191143
79044 155.09815900020797
79108 67.51039484191143
79109 67.51039484191143
79267 67.51039484191143
79458 72.35584963690772
79867 67.51039484191143
79946 72.35584963690772
79981 135.02078968382287
79982 72.35584963690772
80037 144.71169927381544
80049 155.09815900020797
80436 72.35584963690772
80505 155.09815900020797
80530 31.494712829589844
81027 67.51039484191143
81058 144.71169927381544
81062 144.71169927381544
81205 67.51039484191143
81497 72.35584963690772
81916 72.35584963690772
82351 62.98942565917969
82443 155.09815900020797
82480 67.51039484191143
82506 72.35584963690772
82519 29.385606128984882
82696 72.35584963690772
82790 310.19631800041594
82791 310.19631800041594
83105 31.494712829589844
83231 144.71169927381544
83330 29.385606128984882
83444 15.747356414794922
83477 62.98942565917969
83496 67.51039484191143
83646 31.494712829589844
83753 33.75519742095572
83845 27.417739994649107
83909 144.71169927381544
83935 144.71169927381544
83946 144.71169927381544
84040 155.09815900020797
84238 62.98942565917969
84385 67.51039484191143
84474 15.747356414794922
84639 155.09815900020797
84670 155.09815900020797
84790 72.35584963690772
84853 67.51039484191143
85018 72.35584963690772