6097 15.747356414794922
7454 27.417739994649107
8954 11.934264498324229
9177 31.494712829589844
10545 15.747356414794922
13893 31.494712829589844
17182 31.494712829589844
19762 15.747356414794922
20708 27.417739994649107
20912 14.692803064492441
23819 15.747356414794922
24772 15.747356414794922
24964 31.494712829589844
25287 62.98942565917969
25342 14.692803064492441
25386 27.417739994649107
25998 31.494712829589844
26772 15.747356414794922
27252 27.417739994649107
28000 29.385606128984882
28122 31.494712829589844
28289 12.790827984192916
28372 29.385606128984882
29191 29.385606128984882
30944 25.58165596838583
30951 62.98942565917969
32190 15.747356414794922
32935 29.385606128984882
33383 13.708869997324554
34278 15.747356414794922
35821 15.747356414794922
36146 12.790827984192916
36219 54.835479989298214
36575 29.385606128984882
36757 31.494712829589844
36975 31.494712829589844
37569 15.747356414794922
37723 62.98942565917969
38400 25.58165596838583
38524 15.747356414794922
38790 58.771212257969765
38855 29.385606128984882
39207 29.385606128984882
39369 29.385606128984882
39490 29.385606128984882
39637 15.747356414794922
40277 27.417739994649107
40831 58.771212257969765
40871 62.98942565917969
41116 29.385606128984882
41314 62.98942565917969
41754 29.385606128984882
41773 62.98942565917969
42520 31.494712829589844
42570 58.771212257969765
42794 54.835479989298214
43053 54.835479989298214
43264 29.385606128984882
43282 27.417739994649107
43829 29.385606128984882
44194 13.708869997324554
44246 29.385606128984882
44552 29.385606128984882
44560 31.494712829589844
44691 31.494712829589844
45275 58.771212257969765
45407 31.494712829589844
45720 31.494712829589844
45808 62.98942565917969
46098 29.385606128984882
46135 29.385606128984882
46718 54.835479989298214
46737 58.771212257969765
46827 29.385606128984882
47106 29.385606128984882
47384 62.98942565917969
47440 29.385606128984882
47452 62.98942565917969
47795 15.747356414794922
48387 29.385606128984882
48405 27.417739994649107
48637 25.58165596838583
48789 58.771212257969765
48991 27.417739994649107
49384 135.02078968382287
49456 62.98942565917969
49661 31.494712829589844
50026 29.385606128984882
50157 29.385606128984882
50264 62.98942565917969
50651 29.385606128984882
50779 14.692803064492441
50905 29.385606128984882
51516 29.385606128984882
51893 58.771212257969765
51999 29.385606128984882
52112 14.692803064492441
52272 58.771212257969765
52354 62.98942565917969
52569 29.385606128984882
52577 62.98942565917969
52695 58.771212257969765
52858 14.692803064492441
53142 31.494712829589844
53291 13.708869997324554
53376 31.494712829589844
53543 58.771212257969765
53550 14.692803064492441
53927 27.417739994649107
53967 58.771212257969765
53969 62.98942565917969
53983 29.385606128984882
54029 31.494712829589844
54436 14.692803064492441
54648 14.692803064492441
54770 58.771212257969765
54783 62.98942565917969
54911 14.692803064492441
55097 62.98942565917969
55336 14.692803064492441
55567 27.417739994649107
56016 62.98942565917969
56154 31.494712829589844
56263 31.494712829589844
56487 135.02078968382287
56549 62.98942565917969
56567 62.98942565917969
56598 58.771212257969765
56655 54.835479989298214
56753 15.747356414794922
56909 29.385606128984882
57414 14.692803064492441
57417 29.385606128984882
57729 27.417739994649107
57941 29.385606128984882
58188 29.385606128984882
58255 14.692803064492441
58374 29.385606128984882
58584 62.98942565917969
58848 62.98942565917969
59083 29.385606128984882
59203 31.494712829589844
59332 27.417739994649107
59559 31.494712829589844
59629 31.494712829589844
59680 29.385606128984882
59833 31.494712829589844
60186 58.771212257969765
60238 67.51039484191143
60332 62.98942565917969
60473 14.692803064492441
60735 58.771212257969765
60758 29.385606128984882
61038 62.98942565917969
61154 15.747356414794922
61432 62.98942565917969
61592 31.494712829589844
61665 29.385606128984882
61783 62.98942565917969
62004 62.98942565917969
62098 62.98942565917969
62115 62.98942565917969
62170 13.708869997324554
62210 14.692803064492441
62511 31.494712829589844
62547 58.771212257969765
62660 29.385606128984882
62681 62.98942565917969
62696 58.771212257969765
62972 13.708869997324554
62989 31.494712829589844
63241 62.98942565917969
63249 62.98942565917969
63299 31.494712829589844
63514 29.385606128984882
63633 67.51039484191143
64008 23.868528996648458
64171 67.51039484191143
64183 62.98942565917969
64197 58.771212257969765
64232 31.494712829589844
64300 62.98942565917969
64493 62.98942565917969
64610 14.692803064492441
64687 58.771212257969765
64764 125.97885131835938
64980 62.98942565917969
64998 27.417739994649107
65017 29.385606128984882
65479 29.385606128984882
65754 62.98942565917969
66078 27.417739994649107
66108 29.385606128984882
66184 27.417739994649107
66194 62.98942565917969
66210 15.747356414794922
66284 62.98942565917969
66311 27.417739994649107
66385 58.771212257969765
66637 62.98942565917969
66660 58.771212257969765
66663 29.385606128984882
66757 67.51039484191143
66796 29.385606128984882
67023 135.02078968382287
67052 29.385606128984882
67171 31.494712829589844
67208 14.692803064492441
67257 125.97885131835938
67322 29.385606128984882
67357 31.494712829589844
67590 29.385606128984882
67631 62.98942565917969
67701 62.98942565917969
67704 58.771212257969765
67784 62.98942565917969
67820 31.494712829589844
67861 62.98942565917969
68173 27.417739994649107
68292 27.417739994649107
68639 29.385606128984882
68785 62.98942565917969
68924 54.835479989298214
68962 29.385606128984882
69075 15.747356414794922
69086 62.98942565917969
69195 58.771212257969765
69371 27.417739994649107
69506 62.98942565917969
69553 14.692803064492441
69648 58.771212257969765
69677 58.771212257969765
69742 31.494712829589844
69760 29.385606128984882
69968 58.771212257969765
69976 27.417739994649107
70020 62.98942565917969
70059 62.98942565917969
70153 62.98942565917969
70169 31.494712829589844
70285 62.98942565917969
70289 51.16331193677166
70566 135.02078968382287
70731 13.708869997324554
70735 29.385606128984882
70830 29.385606128984882
70863 62.98942565917969
70994 27.417739994649107
71127 31.494712829589844
71215 58.771212257969765
71249 31.494712829589844
71327 125.97885131835938
71405 29.385606128984882
71427 31.494712829589844
71440 29.385606128984882
71495 29.385606128984882
71498 62.98942565917969
71713 62.98942565917969
71882 29.385606128984882
71971 62.98942565917969
72001 135.02078968382287
72215 58.771212257969765
72444 31.494712829589844
72512 31.494712829589844
72530 27.417739994649107
72666 29.385606128984882
72723 31.494712829589844
72783 58.771212257969765
72850 27.417739994649107
73015 31.494712829589844
73220 25.58165596838583
73277 58.771212257969765
73541 135.02078968382287
73696 58.771212257969765
73950 29.385606128984882
74165 29.385606128984882
74679 15.747356414794922
74841 54.835479989298214
75026 27.417739994649107
75046 67.51039484191143
75052 29.385606128984882
75266 29.385606128984882
75295 31.494712829589844
75364 62.98942565917969
75464 58.771212257969765
75755 25.58165596838583
75850 25.58165596838583
75867 62.98942565917969
75892 58.771212257969765
76168 62.98942565917969
76188 58.771212257969765
76315 15.747356414794922
76322 62.98942565917969
76363 29.385606128984882
76452 14.692803064492441
76600 27.417739994649107
76608 27.417739994649107
76704 62.98942565917969
76753 135.02078968382287
77083 33.75519742095572
77304 31.494712829589844
77464 27.417739994649107
77478 31.494712829589844
77559 31.494712829589844
77634 25.58165596838583
77655 27.417739994649107
77687 27.417739994649107
77702 31.494712829589844
77716 58.771212257969765
78062 15.747356414794922
78230 67.51039484191143
78277 58.771212257969765
78346 67.51039484191143
78367 31.494712829589844
78378 31.494712829589844
78471 27.417739994649107
78515 29.385606128984882
78633 58.771212257969765
78658 29.385606128984882
78697 29.385606128984882
78795 29.385606128984882
78796 31.494712829589844
78801 58.771212257969765
78850 13.708869997324554
78890 31.494712829589844
78891 31.494712829589844
79003 62.98942565917969
79087 125.97885131835938
79088 25.58165596838583
79253 58.771212257969765
79358 31.494712829589844
79413 27.417739994649107
79416 135.02078968382287
79585 29.385606128984882
79621 67.51039484191143
79712 29.385606128984882
79877 31.494712829589844
80022 58.771212257969765
80247 29.385606128984882
80379 29.385606128984882
80411 58.771212257969765
80524 62.98942565917969
80611 117.54242451593953
80640 14.692803064492441
80757 27.417739994649107
80785 51.16331193677166
80908 31.494712829589844
80932 58.771212257969765
80976 31.494712829589844
81043 62.98942565917969
81183 58.771212257969765
81195 23.868528996648458
81229 62.98942565917969
81305 58.771212257969765
81360 62.98942565917969
81441 67.51039484191143
81492 15.747356414794922
81612 29.385606128984882
81757 62.98942565917969
81770 58.771212257969765
81883 15.747356414794922
81911 58.771212257969765
81986 31.494712829589844
81988 62.98942565917969
82070 58.771212257969765
82211 27.417739994649107
82403 29.385606128984882
82550 62.98942565917969
82721 58.771212257969765
82765 31.494712829589844
83155 54.835479989298214
83393 62.98942565917969
83523 58.771212257969765
83618 62.98942565917969
83662 62.98942565917969
83763 62.98942565917969
83869 29.385606128984882
83917 31.494712829589844
83930 29.385606128984882
84031 31.494712829589844
84187 31.494712829589844
84407 31.494712829589844
84437 29.385606128984882
84662 62.98942565917969
85021 58.771212257969765
85120 62.98942565917969
85206 54.835479989298214
85218 27.417739994649107
85437 62.98942565917969
85469 14.692803064492441
85524 67.51039484191143
85578 29.385606128984882
85744 25.58165596838583
86180 58.771212257969765
86239 31.494712829589844
86258 29.385606128984882
86285 29.385606128984882
86550 27.417739994649107
86661 62.98942565917969
86740 62.98942565917969