2439 14.692803064492441
4773 15.747356414794922
7712 14.692803064492441
8953 15.747356414794922
9404 14.692803064492441
10038 15.747356414794922
10756 15.747356414794922
13889 31.494712829589844
14123 14.692803064492441
15895 13.708869997324554
16302 31.494712829589844
16460 31.494712829589844
17444 14.692803064492441
17940 33.75519742095572
18910 72.35584963690772
19023 15.747356414794922
19823 31.494712829589844
20083 15.747356414794922
20567 15.747356414794922
21586 15.747356414794922
22605 15.747356414794922
22663 31.494712829589844
23786 14.692803064492441
24488 14.692803064492441
26749 14.692803064492441
27936 33.75519742095572
28268 33.75519742095572
28943 14.692803064492441
30157 33.75519742095572
31067 72.35584963690772
31402 72.35584963690772
31637 31.494712829589844
32231 31.494712829589844
32350 33.75519742095572
32383 72.35584963690772
32396 15.747356414794922
32672 135.02078968382287
33213 31.494712829589844
33533 33.75519742095572
33623 33.75519742095572
33725 67.51039484191143
34056 33.75519742095572
34124 15.747356414794922
34657 31.494712829589844
35728 72.35584963690772
35734 67.51039484191143
36183 67.51039484191143
36205 15.747356414794922
36592 33.75519742095572
36755 15.747356414794922
36937 33.75519742095572
37422 13.708869997324554
37630 72.35584963690772
37707 33.75519742095572
37985 67.51039484191143
38099 58.771212257969765
38164 62.98942565917969
38313 72.35584963690772
38856 14.692803064492441
38992 31.494712829589844
39098 33.75519742095572
39103 33.75519742095572
39104 29.385606128984882
39237 14.692803064492441
39311 13.708869997324554
40120 33.75519742095572
40636 15.747356414794922
40702 29.385606128984882
40806 33.75519742095572
40873 31.494712829589844
40976 31.494712829589844
41330 58.771212257969765
41936 31.494712829589844
42408 15.747356414794922
42533 31.494712829589844
42616 31.494712829589844
42663 67.51039484191143
42689 31.494712829589844
42841 72.35584963690772
42862 62.98942565917969
42998 72.35584963690772
43146 62.98942565917969
43261 72.35584963690772
43377 67.51039484191143
43706 14.692803064492441
43850 33.75519742095572
44417 144.71169927381544
45357 31.494712829589844
46051 33.75519742095572
46537 72.35584963690772
47506 31.494712829589844
47717 67.51039484191143
47999 31.494712829589844
48077 67.51039484191143
48083 31.494712829589844
48297 31.494712829589844
48696 33.75519742095572
49157 31.494712829589844
49326 33.75519742095572
49548 15.747356414794922
49803 33.75519742095572
49961 29.385606128984882
50131 67.51039484191143
50590 29.385606128984882
50666 15.747356414794922
50733 14.692803064492441
51050 33.75519742095572
51686 31.494712829589844
51918 33.75519742095572
51955 72.35584963690772
52035 15.747356414794922
52941 67.51039484191143
53622 62.98942565917969
53652 72.35584963690772
53764 27.417739994649107
53787 29.385606128984882
53978 62.98942565917969
53987 33.75519742095572
54169 72.35584963690772
54530 67.51039484191143
54679 27.417739994649107
54718 67.51039484191143
54795 72.35584963690772
54890 67.51039484191143
55007 31.494712829589844
55051 31.494712829589844
55127 33.75519742095572
55242 13.708869997324554
55538 33.75519742095572
55822 31.494712829589844
55924 72.35584963690772
55949 67.51039484191143
56547 155.09815900020797
56558 54.835479989298214
56614 29.385606128984882
56823 14.692803064492441
57035 72.35584963690772
57193 67.51039484191143
57412 72.35584963690772
57606 29.385606128984882
57715 31.494712829589844
57751 31.494712829589844
57759 62.98942565917969
57918 62.98942565917969
58618 62.98942565917969
58837 67.51039484191143
58929 31.494712829589844
59142 62.98942565917969
59337 31.494712829589844
59496 144.71169927381544
59520 144.71169927381544
59531 33.75519742095572
59585 33.75519742095572
59796 67.51039484191143
60022 67.51039484191143
60066 72.35584963690772
60218 62.98942565917969
60313 33.75519742095572
60485 67.51039484191143
60670 72.35584963690772
60936 62.98942565917969
61028 144.71169927381544
61132 29.385606128984882
61709 67.51039484191143
61718 29.385606128984882
61765 72.35584963690772
61950 33.75519742095572
62098 72.35584963690772
62103 67.51039484191143
62177 72.35584963690772
62498 31.494712829589844
62752 144.71169927381544
62863 72.35584963690772
63203 72.35584963690772
63353 72.35584963690772
63578 54.835479989298214
63729 33.75519742095572
63732 155.09815900020797
63940 31.494712829589844
64012 58.771212257969765
64088 14.692803064492441
64092 31.494712829589844
64220 31.494712829589844
64275 72.35584963690772
64352 144.71169927381544
64400 29.385606128984882
64514 62.98942565917969
64682 67.51039484191143
64977 67.51039484191143
65206 62.98942565917969
65499 31.494712829589844
65644 72.35584963690772
65697 62.98942565917969
65753 33.75519742095572
65766 72.35584963690772
65874 155.09815900020797
66187 67.51039484191143
66223 155.09815900020797
66297 144.71169927381544
66310 289.4233985476309
66527 31.494712829589844
66637 31.494712829589844
66695 31.494712829589844
66894 67.51039484191143
66932 144.71169927381544
66947 62.98942565917969
67017 72.35584963690772
67071 72.35584963690772
67192 33.75519742095572
67299 72.35584963690772
67337 62.98942565917969
67465 67.51039484191143
67466 31.494712829589844
67488 29.385606128984882
67489 29.385606128984882
67515 155.09815900020797
67596 14.692803064492441
67720 67.51039484191143
67779 72.35584963690772
67893 155.09815900020797
67925 67.51039484191143
68008 62.98942565917969
68079 72.35584963690772
68144 14.692803064492441
68441 72.35584963690772
68621 135.02078968382287
68796 135.02078968382287
68797 135.02078968382287
68813 135.02078968382287
68819 144.71169927381544
68898 58.771212257969765
68952 144.71169927381544
69031 33.75519742095572
69075 62.98942565917969
69211 72.35584963690772
69297 67.51039484191143
69386 67.51039484191143
69404 31.494712829589844
69705 67.51039484191143
69769 72.35584963690772
69811 14.692803064492441
69834 62.98942565917969
69986 33.75519742095572
70191 155.09815900020797
70209 29.385606128984882
70674 14.692803064492441
70764 67.51039484191143
70810 62.98942565917969
70839 33.75519742095572
70934 144.71169927381544
70937 67.51039484191143
71009 33.75519742095572
71081 144.71169927381544
71090 67.51039484191143
71099 13.708869997324554
71138 144.71169927381544
71206 33.75519742095572
71235 72.35584963690772
71442 62.98942565917969
71591 14.692803064492441
71647 67.51039484191143
71676 332.46018180931486
71698 72.35584963690772
71806 62.98942565917969
71886 31.494712829589844
72018 310.19631800041594
72282 67.51039484191143
72501 31.494712829589844
72613 31.494712829589844
72625 62.98942565917969
72660 33.75519742095572
72666 144.71169927381544
72750 155.09815900020797
72753 29.385606128984882
73073 72.35584963690772
73171 29.385606128984882
73173 155.09815900020797
73249 144.71169927381544
73314 62.98942565917969
73363 31.494712829589844
73489 33.75519742095572
73501 72.35584963690772
73613 155.09815900020797
73657 67.51039484191143
73779 31.494712829589844
73794 62.98942565917969
73822 31.494712829589844
73832 13.708869997324554
73848 62.98942565917969
73885 67.51039484191143
73969 33.75519742095572
74041 144.71169927381544
74320 29.385606128984882
74355 14.692803064492441
74488 332.46018180931486
74528 33.75519742095572
74543 72.35584963690772
74595 144.71169927381544
74663 67.51039484191143
74911 33.75519742095572
74928 67.51039484191143
75004 62.98942565917969
75167 67.51039484191143
75343 58.771212257969765
75380 144.71169927381544
75529 62.98942565917969
75660 14.692803064492441
75893 144.71169927381544
76081 72.35584963690772
76298 33.75519742095572
76362 135.02078968382287
76770 31.494712829589844
76791 31.494712829589844
76903 67.51039484191143
76910 72.35584963690772
77021 155.09815900020797
77145 29.385606128984882
77170 33.75519742095572
77221 31.494712829589844
77305 31.494712829589844
77790 155.09815900020797
78197 31.494712829589844
78242 155.09815900020797
78279 33.75519742095572
78339 67.51039484191143
78384 33.75519742095572
78395 31.494712829589844
78427 72.35584963690772
78438 67.51039484191143
78440 67.51039484191143
78569 67.51039484191143
78720 72.35584963690772
78763 15.747356414794922
78887 67.51039484191143
78904 15.747356414794922
79060 72.35584963690772
79145 67.51039484191143
79285 67.51039484191143
79287 31.494712829589844
79422 72.35584963690772
79515 27.417739994649107
79704 67.51039484191143
79899 144.71169927381544
80106 72.35584963690772
80202 155.09815900020797
80253 67.51039484191143
80768 33.75519742095572
80774 15.747356414794922
81025 67.51039484191143
81179 15.747356414794922
81202 62.98942565917969
81275 29.385606128984882
81310 67.51039484191143
81403 62.98942565917969
81430 144.71169927381544
81466 67.51039484191143
81475 67.51039484191143
81601 67.51039484191143
81675 135.02078968382287
81677 135.02078968382287
81707 144.71169927381544
81796 62.98942565917969
81875 72.35584963690772
81950 72.35584963690772
81976 72.35584963690772
82063 72.35584963690772
82066 67.51039484191143
82204 31.494712829589844
82441 58.771212257969765
82458 72.35584963690772
82505 31.494712829589844
82669 67.51039484191143
82853 67.51039484191143
82972 58.771212257969765
83044 67.51039484191143
83451 31.494712829589844
83617 31.494712829589844
83630 67.51039484191143
83635 31.494712829589844
83685 72.35584963690772
83713 155.09815900020797
83743 29.385606128984882
83850 72.35584963690772
83929 72.35584963690772
83946 33.75519742095572
84009 62.98942565917969
84018 14.692803064492441
84050 144.71169927381544
84074 14.692803064492441
84077 33.75519742095572
84126 144.71169927381544
84628 67.51039484191143
84688 332.46018180931486
84704 15.747356414794922
84760 135.02078968382287
85133 67.51039484191143
85162 67.51039484191143
85405 144.71169927381544
85475 155.09815900020797
85614 72.35584963690772