4814 12.790827984192916
12102 12.790827984192916
15362 15.747356414794922
16059 33.75519742095572
16593 33.75519742095572
16996 14.692803064492441
17079 14.692803064492441
17393 14.692803064492441
17669 33.75519742095572
18129 14.692803064492441
18219 15.747356414794922
18310 33.75519742095572
20962 15.747356414794922
23252 15.747356414794922
24066 29.385606128984882
24092 33.75519742095572
24368 15.747356414794922
25591 15.747356414794922
25909 31.494712829589844
26100 29.385606128984882
26970 33.75519742095572
27301 31.494712829589844
27733 31.494712829589844
28089 62.98942565917969
28691 27.417739994649107
28749 31.494712829589844
29041 33.75519742095572
29237 33.75519742095572
30062 33.75519742095572
30813 33.75519742095572
31335 31.494712829589844
32132 14.692803064492441
32565 15.747356414794922
32646 15.747356414794922
33933 14.692803064492441
33977 29.385606128984882
34030 31.494712829589844
34056 14.692803064492441
34309 31.494712829589844
35841 13.708869997324554
35906 15.747356414794922
36827 14.692803064492441
37407 31.494712829589844
37441 14.692803064492441
37700 31.494712829589844
37904 31.494712829589844
37939 29.385606128984882
38076 31.494712829589844
38195 31.494712829589844
38459 33.75519742095572
38543 29.385606128984882
38861 72.35584963690772
39028 13.708869997324554
39225 67.51039484191143
40430 29.385606128984882
40515 33.75519742095572
40680 33.75519742095572
40875 29.385606128984882
41255 33.75519742095572
41308 72.35584963690772
41760 31.494712829589844
41976 15.747356414794922
42214 33.75519742095572
42681 15.747356414794922
42901 14.692803064492441
43439 33.75519742095572
43816 15.747356414794922
44056 29.385606128984882
45040 12.790827984192916
45603 135.02078968382287
45605 33.75519742095572
45854 31.494712829589844
45932 33.75519742095572
46249 72.35584963690772
46411 33.75519742095572
46536 29.385606128984882
46562 15.747356414794922
47250 31.494712829589844
47526 31.494712829589844
47541 15.747356414794922
47732 31.494712829589844
48283 72.35584963690772
48366 33.75519742095572
48412 27.417739994649107
48845 15.747356414794922
48956 33.75519742095572
49239 33.75519742095572
49290 33.75519742095572
49742 33.75519742095572
49814 72.35584963690772
50050 29.385606128984882
50515 15.747356414794922
50626 33.75519742095572
51038 29.385606128984882
51219 15.747356414794922
51244 15.747356414794922
51454 33.75519742095572
52599 31.494712829589844
52914 29.385606128984882
53127 13.708869997324554
53150 31.494712829589844
53161 33.75519742095572
53330 13.708869997324554
53386 15.747356414794922
53636 33.75519742095572
54144 72.35584963690772
54178 72.35584963690772
54395 72.35584963690772
54572 33.75519742095572
54890 14.692803064492441
54958 31.494712829589844
55109 15.747356414794922
55297 15.747356414794922
55565 31.494712829589844
55919 31.494712829589844
56350 31.494712829589844
56806 15.747356414794922
56901 31.494712829589844
56920 67.51039484191143
57037 31.494712829589844
57289 67.51039484191143
57349 15.747356414794922
57543 33.75519742095572
57622 15.747356414794922
57702 31.494712829589844
57784 67.51039484191143
57989 67.51039484191143
58054 33.75519742095572
58127 29.385606128984882
58162 67.51039484191143
58495 15.747356414794922
58551 31.494712829589844
58687 31.494712829589844
58753 31.494712829589844
58759 27.417739994649107
58803 33.75519742095572
58872 33.75519742095572
58994 33.75519742095572
59094 67.51039484191143
59285 33.75519742095572
59320 31.494712829589844
59354 15.747356414794922
59359 31.494712829589844
59406 33.75519742095572
59737 15.747356414794922
59907 33.75519742095572
60027 33.75519742095572
60040 31.494712829589844
60061 31.494712829589844
60105 72.35584963690772
60172 72.35584963690772
60226 33.75519742095572
60389 33.75519742095572
60497 67.51039484191143
60740 27.417739994649107
60786 31.494712829589844
60955 31.494712829589844
61148 29.385606128984882
61207 62.98942565917969
61255 72.35584963690772
61340 33.75519742095572
61688 62.98942565917969
61800 31.494712829589844
61828 15.747356414794922
61829 15.747356414794922
61890 13.708869997324554
62069 33.75519742095572
62148 29.385606128984882
62190 67.51039484191143
62203 72.35584963690772
62318 31.494712829589844
62361 33.75519742095572
62496 72.35584963690772
62633 15.747356414794922
62680 33.75519742095572
62700 31.494712829589844
62778 67.51039484191143
62845 29.385606128984882
62988 72.35584963690772
63171 67.51039484191143
63187 62.98942565917969
63342 72.35584963690772
63514 72.35584963690772
63523 27.417739994649107
63819 33.75519742095572
64273 72.35584963690772
64311 31.494712829589844
64361 15.747356414794922
64612 33.75519742095572
64693 33.75519742095572
64931 72.35584963690772
64996 72.35584963690772
65097 31.494712829589844
65233 15.747356414794922
65302 72.35584963690772
65307 31.494712829589844
65399 67.51039484191143
65453 72.35584963690772
65498 58.771212257969765
65751 15.747356414794922
65775 29.385606128984882
65797 72.35584963690772
65869 62.98942565917969
66068 72.35584963690772
66525 72.35584963690772
66537 33.75519742095572
66717 15.747356414794922
66730 72.35584963690772
67045 15.747356414794922
67198 67.51039484191143
67280 67.51039484191143
67388 31.494712829589844
67411 33.75519742095572
67463 29.385606128984882
67520 31.494712829589844
67631 67.51039484191143
67674 31.494712829589844
67963 72.35584963690772
67988 33.75519742095572
68011 72.35584963690772
68103 14.692803064492441
68286 33.75519742095572
68525 67.51039484191143
68553 67.51039484191143
68659 14.692803064492441
68829 14.692803064492441
68841 31.494712829589844
69123 15.747356414794922
69288 14.692803064492441
69418 33.75519742095572
69447 67.51039484191143
69471 33.75519742095572
69476 31.494712829589844
70202 72.35584963690772
70206 72.35584963690772
70210 67.51039484191143
70233 27.417739994649107
70317 67.51039484191143
70318 72.35584963690772
70386 72.35584963690772
70437 29.385606128984882
70468 29.385606128984882
70510 62.98942565917969
70552 14.692803064492441
70605 67.51039484191143
70668 33.75519742095572
70818 135.02078968382287
70894 67.51039484191143
71072 31.494712829589844
71321 33.75519742095572
71374 72.35584963690772
71457 31.494712829589844
71600 31.494712829589844
71627 31.494712829589844
71654 72.35584963690772
71702 33.75519742095572
71710 72.35584963690772
71927 31.494712829589844
71954 31.494712829589844
72012 72.35584963690772
72114 31.494712829589844
72145 67.51039484191143
72206 33.75519742095572
72264 15.747356414794922
72324 67.51039484191143
72417 67.51039484191143
72626 72.35584963690772
72852 72.35584963690772
72915 33.75519742095572
73170 72.35584963690772
73216 67.51039484191143
73397 67.51039484191143
73590 67.51039484191143
73636 67.51039484191143
73707 33.75519742095572
73718 67.51039484191143
73728 72.35584963690772
73769 62.98942565917969
73924 62.98942565917969
73938 31.494712829589844
74074 72.35584963690772
74220 72.35584963690772
74355 29.385606128984882
74437 67.51039484191143
74448 33.75519742095572
74716 144.71169927381544
74759 27.417739994649107
74842 33.75519742095572
74998 14.692803064492441
75063 67.51039484191143
75234 33.75519742095572
75252 67.51039484191143
75291 67.51039484191143
75419 31.494712829589844
75570 72.35584963690772
75631 33.75519742095572
75635 29.385606128984882
75649 15.747356414794922
75723 72.35584963690772
76534 33.75519742095572
76835 72.35584963690772
77137 15.747356414794922
77265 31.494712829589844
77329 135.02078968382287
77401 14.692803064492441
77414 14.692803064492441
77752 72.35584963690772
77857 72.35584963690772
78055 31.494712829589844
78075 135.02078968382287
78200 33.75519742095572
78222 31.494712829589844
78230 72.35584963690772
78456 144.71169927381544
78788 72.35584963690772
78841 72.35584963690772
78924 72.35584963690772
79062 58.771212257969765
79109 67.51039484191143
79161 67.51039484191143
79236 29.385606128984882
79238 33.75519742095572
79325 31.494712829589844
79700 72.35584963690772
79729 15.747356414794922
79912 31.494712829589844
80083 15.747356414794922
80200 72.35584963690772
80210 155.09815900020797
80363 72.35584963690772
80402 62.98942565917969
80426 14.692803064492441
80512 33.75519742095572
80536 31.494712829589844
80551 62.98942565917969
80586 72.35584963690772
80752 33.75519742095572
80920 54.835479989298214
80938 29.385606128984882
80948 72.35584963690772
81028 15.747356414794922
81234 33.75519742095572
81422 33.75519742095572
81509 15.747356414794922
81757 33.75519742095572
82074 29.385606128984882
82181 62.98942565917969
82286 67.51039484191143
82455 67.51039484191143
82517 125.97885131835938
82648 67.51039484191143
82693 31.494712829589844
82753 67.51039484191143
82983 67.51039484191143
83239 72.35584963690772
83253 62.98942565917969
83551 62.98942565917969
83562 67.51039484191143
83622 31.494712829589844
83694 14.692803064492441
83699 25.58165596838583
83769 67.51039484191143
83800 33.75519742095572
83983 29.385606128984882
84107 155.09815900020797
84135 12.790827984192916
84172 62.98942565917969
84246 31.494712829589844
84271 14.692803064492441
84455 62.98942565917969
84580 29.385606128984882
84655 62.98942565917969
84743 31.494712829589844
85044 15.747356414794922
85055 135.02078968382287
85063 33.75519742095572
85076 29.385606128984882
85098 31.494712829589844
85115 332.46018180931486
85249 31.494712829589844
85251 72.35584963690772
85336 33.75519742095572
85399 31.494712829589844
85433 62.98942565917969
85443 33.75519742095572
85467 33.75519742095572
85802 14.692803064492441
85818 144.71169927381544
85843 31.494712829589844
85992 14.692803064492441
86023 67.51039484191143
86080 72.35584963690772
86374 15.747356414794922
86552 125.97885131835938
86605 72.35584963690772
86646 13.708869997324554
86788 33.75519742095572
86916 31.494712829589844
86941 33.75519742095572
86984 15.747356414794922