7245 14.692803064492441
7918 15.747356414794922
10410 15.747356414794922
12818 31.494712829589844
13093 14.692803064492441
13368 14.692803064492441
15535 15.747356414794922
18268 14.692803064492441
18773 15.747356414794922
22669 13.708869997324554
22701 15.747356414794922
23833 29.385606128984882
24741 15.747356414794922
24969 31.494712829589844
25528 14.692803064492441
25739 33.75519742095572
26199 31.494712829589844
26222 14.692803064492441
27167 14.692803064492441
27464 15.747356414794922
27963 13.708869997324554
28394 14.692803064492441
29341 14.692803064492441
30416 14.692803064492441
31093 15.747356414794922
31571 33.75519742095572
31617 14.692803064492441
31781 15.747356414794922
31971 12.790827984192916
32412 14.692803064492441
32782 14.692803064492441
32810 14.692803064492441
32811 14.692803064492441
32834 31.494712829589844
33230 15.747356414794922
34187 15.747356414794922
34245 14.692803064492441
34680 31.494712829589844
35936 14.692803064492441
36168 33.75519742095572
36444 14.692803064492441
37074 33.75519742095572
37367 31.494712829589844
37385 33.75519742095572
37595 29.385606128984882
37657 33.75519742095572
37885 29.385606128984882
38397 15.747356414794922
38460 14.692803064492441
38648 33.75519742095572
38890 15.747356414794922
39397 33.75519742095572
39673 15.747356414794922
39811 14.692803064492441
40212 29.385606128984882
40303 31.494712829589844
40402 13.708869997324554
40538 15.747356414794922
41340 33.75519742095572
41378 15.747356414794922
41429 33.75519742095572
41534 72.35584963690772
41562 15.747356414794922
41697 15.747356414794922
41703 14.692803064492441
42372 14.692803064492441
42718 31.494712829589844
43014 14.692803064492441
43123 15.747356414794922
43876 14.692803064492441
44128 15.747356414794922
44602 13.708869997324554
44641 15.747356414794922
44655 13.708869997324554
45114 31.494712829589844
45116 58.771212257969765
45390 62.98942565917969
45596 15.747356414794922
45624 15.747356414794922
45708 13.708869997324554
46450 33.75519742095572
46890 29.385606128984882
46937 29.385606128984882
47074 33.75519742095572
47261 15.747356414794922
47793 33.75519742095572
47802 27.417739994649107
48422 33.75519742095572
48474 33.75519742095572
48916 33.75519742095572
49114 33.75519742095572
49206 33.75519742095572
49833 33.75519742095572
50058 29.385606128984882
50217 14.692803064492441
50481 15.747356414794922
50570 31.494712829589844
50668 67.51039484191143
51075 15.747356414794922
51093 33.75519742095572
51835 15.747356414794922
51948 72.35584963690772
52429 15.747356414794922
52453 13.708869997324554
52524 33.75519742095572
52643 27.417739994649107
52925 14.692803064492441
53165 27.417739994649107
53211 15.747356414794922
53486 33.75519742095572
53651 15.747356414794922
54032 33.75519742095572
54204 15.747356414794922
54215 14.692803064492441
54741 13.708869997324554
54759 14.692803064492441
54815 15.747356414794922
54821 15.747356414794922
54883 33.75519742095572
55214 13.708869997324554
56027 15.747356414794922
56036 31.494712829589844
56040 15.747356414794922
56063 33.75519742095572
56184 15.747356414794922
56239 14.692803064492441
56283 29.385606128984882
56347 13.708869997324554
56641 72.35584963690772
56684 15.747356414794922
57186 29.385606128984882
57214 15.747356414794922
57341 13.708869997324554
57374 67.51039484191143
57448 29.385606128984882
57522 67.51039484191143
57634 29.385606128984882
57934 15.747356414794922
58159 14.692803064492441
58341 33.75519742095572
58436 15.747356414794922
58544 33.75519742095572
58695 33.75519742095572
58721 33.75519742095572
58863 15.747356414794922
58865 14.692803064492441
59164 31.494712829589844
59573 15.747356414794922
59586 15.747356414794922
60472 15.747356414794922
60493 67.51039484191143
60858 15.747356414794922
61344 62.98942565917969
61514 15.747356414794922
61824 33.75519742095572
62020 14.692803064492441
62063 67.51039484191143
62090 29.385606128984882
62316 155.09815900020797
62366 72.35584963690772
62669 13.708869997324554
63092 33.75519742095572
63110 27.417739994649107
63197 14.692803064492441
63214 72.35584963690772
63298 33.75519742095572
63890 13.708869997324554
63996 14.692803064492441
64314 72.35584963690772
64532 72.35584963690772
64695 14.692803064492441
64772 31.494712829589844
64916 15.747356414794922
65010 15.747356414794922
65115 67.51039484191143
65264 14.692803064492441
65496 31.494712829589844
65589 14.692803064492441
65659 15.747356414794922
65746 33.75519742095572
65780 15.747356414794922
66374 33.75519742095572
66442 33.75519742095572
66457 72.35584963690772
66502 72.35584963690772
66670 67.51039484191143
66713 62.98942565917969
66733 33.75519742095572
66929 31.494712829589844
67117 15.747356414794922
67130 29.385606128984882
67250 29.385606128984882
67257 15.747356414794922
67358 31.494712829589844
67886 31.494712829589844
67946 33.75519742095572
68020 14.692803064492441
68044 31.494712829589844
68045 31.494712829589844
68091 14.692803064492441
68231 72.35584963690772
68296 14.692803064492441
68336 31.494712829589844
68398 67.51039484191143
68423 67.51039484191143
68478 72.35584963690772
68522 31.494712829589844
68705 62.98942565917969
68822 29.385606128984882
68912 29.385606128984882
69051 67.51039484191143
69060 155.09815900020797
69104 33.75519742095572
69164 31.494712829589844
69234 72.35584963690772
69331 155.09815900020797
69335 67.51039484191143
69543 31.494712829589844
69570 33.75519742095572
69848 14.692803064492441
70013 33.75519742095572
70056 72.35584963690772
70212 15.747356414794922
70384 144.71169927381544
70469 58.771212257969765
70542 33.75519742095572
70557 62.98942565917969
70669 15.747356414794922
70937 31.494712829589844
70941 27.417739994649107
71005 31.494712829589844
71012 31.494712829589844
71126 12.790827984192916
71199 31.494712829589844
71306 31.494712829589844
71338 31.494712829589844
71473 15.747356414794922
71642 155.09815900020797
71798 144.71169927381544
71890 72.35584963690772
71976 72.35584963690772
72040 62.98942565917969
72433 29.385606128984882
72463 14.692803064492441
72777 13.708869997324554
72929 33.75519742095572
72979 15.747356414794922
73012 31.494712829589844
73068 58.771212257969765
73248 72.35584963690772
73503 33.75519742095572
73532 72.35584963690772
73603 33.75519742095572
73627 33.75519742095572
73632 13.708869997324554
73640 67.51039484191143
73663 14.692803064492441
73731 15.747356414794922
73957 33.75519742095572
74219 67.51039484191143
74256 67.51039484191143
74697 33.75519742095572
74720 33.75519742095572
74727 72.35584963690772
74793 31.494712829589844
74796 33.75519742095572
74837 14.692803064492441
74850 33.75519742095572
74988 144.71169927381544
75069 144.71169927381544
75173 31.494712829589844
75228 62.98942565917969
75341 27.417739994649107
75468 15.747356414794922
75747 144.71169927381544
75838 15.747356414794922
75889 67.51039484191143
75973 15.747356414794922
76125 72.35584963690772
76213 67.51039484191143
76368 31.494712829589844
76406 15.747356414794922
76411 72.35584963690772
76455 13.708869997324554
76539 67.51039484191143
76560 31.494712829589844
76571 67.51039484191143
76641 15.747356414794922
76738 33.75519742095572
77181 15.747356414794922
77387 33.75519742095572
77445 14.692803064492441
77929 144.71169927381544
78019 31.494712829589844
78055 155.09815900020797
78119 33.75519742095572
78190 15.747356414794922
78372 31.494712829589844
78410 144.71169927381544
78528 62.98942565917969
78698 31.494712829589844
78866 15.747356414794922
78905 15.747356414794922
78935 72.35584963690772
78937 62.98942565917969
78995 67.51039484191143
79134 62.98942565917969
79220 14.692803064492441
79458 54.835479989298214
79685 14.692803064492441
79725 72.35584963690772
79756 13.708869997324554
79819 33.75519742095572
79893 67.51039484191143
79914 72.35584963690772
79997 33.75519742095572
80181 72.35584963690772
80302 67.51039484191143
80459 15.747356414794922
80604 62.98942565917969
80662 31.494712829589844
80776 33.75519742095572
80895 15.747356414794922
80912 33.75519742095572
80942 14.692803064492441
81350 31.494712829589844
81372 135.02078968382287
81415 15.747356414794922
81436 31.494712829589844
81477 31.494712829589844
81490 13.708869997324554
81503 31.494712829589844
81637 13.708869997324554
81806 144.71169927381544
82054 14.692803064492441
82078 14.692803064492441
82230 33.75519742095572
82252 31.494712829589844
82318 33.75519742095572
82419 33.75519742095572
82673 72.35584963690772
82715 29.385606128984882
82870 33.75519742095572
83032 33.75519742095572
83037 15.747356414794922
83086 33.75519742095572
83146 29.385606128984882
83194 33.75519742095572
83289 14.692803064492441
83303 135.02078968382287
83667 67.51039484191143
83769 31.494712829589844
83777 29.385606128984882
83793 15.747356414794922
83829 12.790827984192916
83883 14.692803064492441
84093 72.35584963690772
84239 15.747356414794922
84315 14.692803064492441
84360 15.747356414794922
84382 14.692803064492441
84436 15.747356414794922
84478 31.494712829589844
84509 31.494712829589844
84640 31.494712829589844
84646 33.75519742095572
84771 54.835479989298214
84932 67.51039484191143
84936 33.75519742095572
85012 31.494712829589844
85126 117.54242451593953
85138 67.51039484191143
85144 31.494712829589844
85162 14.692803064492441
85200 31.494712829589844
85285 144.71169927381544
85461 67.51039484191143
85637 62.98942565917969
85722 33.75519742095572
85870 13.708869997324554
86084 33.75519742095572
86899 33.75519742095572
87062 33.75519742095572
87066 67.51039484191143
87079 67.51039484191143
87346 67.51039484191143
87364 33.75519742095572
87463 33.75519742095572
87474 72.35584963690772
87601 33.75519742095572
87645 31.494712829589844
87688 72.35584963690772
87723 15.747356414794922
87879 31.494712829589844
87965 15.747356414794922
87968 155.09815900020797
88090 33.75519742095572
88116 62.98942565917969
88241 144.71169927381544
88324 33.75519742095572