4647 14.692803064492441
6612 14.692803064492441
8977 14.692803064492441
10349 15.747356414794922
11173 15.747356414794922
14332 33.75519742095572
15084 15.747356414794922
16237 15.747356414794922
16546 14.692803064492441
16808 14.692803064492441
17123 31.494712829589844
17163 15.747356414794922
17308 29.385606128984882
19419 13.708869997324554
19434 13.708869997324554
19875 14.692803064492441
20560 14.692803064492441
20647 29.385606128984882
21983 31.494712829589844
22470 29.385606128984882
22716 15.747356414794922
22848 33.75519742095572
22992 15.747356414794922
23437 31.494712829589844
24586 14.692803064492441
25427 15.747356414794922
25679 13.708869997324554
26174 33.75519742095572
27587 33.75519742095572
28235 33.75519742095572
30097 33.75519742095572
30854 31.494712829589844
31246 14.692803064492441
31397 29.385606128984882
31717 15.747356414794922
31892 33.75519742095572
32155 14.692803064492441
32330 31.494712829589844
32763 29.385606128984882
33167 15.747356414794922
33570 14.692803064492441
33987 15.747356414794922
34516 31.494712829589844
34607 33.75519742095572
34764 31.494712829589844
34776 27.417739994649107
35457 31.494712829589844
35511 33.75519742095572
37253 31.494712829589844
38077 33.75519742095572
38120 31.494712829589844
38152 14.692803064492441
39675 31.494712829589844
39874 27.417739994649107
39946 31.494712829589844
40467 31.494712829589844
41511 13.708869997324554
42265 33.75519742095572
42291 15.747356414794922
42575 31.494712829589844
42636 15.747356414794922
42797 15.747356414794922
43491 33.75519742095572
43502 33.75519742095572
43795 29.385606128984882
43836 31.494712829589844
44279 33.75519742095572
44421 33.75519742095572
44431 33.75519742095572
44438 29.385606128984882
44491 33.75519742095572
44711 14.692803064492441
44786 13.708869997324554
45537 14.692803064492441
45884 67.51039484191143
46199 31.494712829589844
46201 31.494712829589844
46218 15.747356414794922
46401 31.494712829589844
46597 31.494712829589844
47104 33.75519742095572
47231 29.385606128984882
47303 67.51039484191143
47521 31.494712829589844
47621 31.494712829589844
47644 33.75519742095572
49014 31.494712829589844
49587 15.747356414794922
50172 33.75519742095572
50206 31.494712829589844
50359 31.494712829589844
50370 14.692803064492441
50548 27.417739994649107
50768 33.75519742095572
51090 33.75519742095572
51098 33.75519742095572
51629 31.494712829589844
52298 31.494712829589844
52378 33.75519742095572
52961 29.385606128984882
53246 12.790827984192916
53250 14.692803064492441
53363 14.692803064492441
53751 15.747356414794922
53766 15.747356414794922
53810 29.385606128984882
53831 72.35584963690772
54038 15.747356414794922
54098 33.75519742095572
54197 29.385606128984882
54339 33.75519742095572
54452 33.75519742095572
54592 29.385606128984882
54615 14.692803064492441
54747 33.75519742095572
54993 13.708869997324554
55086 29.385606128984882
55118 31.494712829589844
55192 29.385606128984882
55248 15.747356414794922
55306 15.747356414794922
55314 33.75519742095572
55660 33.75519742095572
55816 31.494712829589844
55832 31.494712829589844
56111 14.692803064492441
56393 72.35584963690772
56405 29.385606128984882
56609 15.747356414794922
56758 31.494712829589844
56941 29.385606128984882
57088 15.747356414794922
57107 29.385606128984882
57111 33.75519742095572
57241 29.385606128984882
57325 31.494712829589844
57408 67.51039484191143
58048 31.494712829589844
58250 31.494712829589844
58322 33.75519742095572
58748 33.75519742095572
58863 31.494712829589844
58878 33.75519742095572
58902 31.494712829589844
58927 33.75519742095572
59016 15.747356414794922
59203 13.708869997324554
59423 33.75519742095572
59596 33.75519742095572
59620 27.417739994649107
59986 31.494712829589844
60227 31.494712829589844
60240 31.494712829589844
60243 33.75519742095572
60568 27.417739994649107
60572 33.75519742095572
60699 27.417739994649107
60864 14.692803064492441
60962 31.494712829589844
60970 31.494712829589844
60976 33.75519742095572
61017 31.494712829589844
61224 15.747356414794922
61796 14.692803064492441
62636 33.75519742095572
62926 33.75519742095572
63151 14.692803064492441
63194 31.494712829589844
63336 33.75519742095572
63519 31.494712829589844
63595 62.98942565917969
63841 31.494712829589844
64123 31.494712829589844
64194 33.75519742095572
64209 15.747356414794922
64255 31.494712829589844
64571 31.494712829589844
64676 31.494712829589844
64759 31.494712829589844
64880 31.494712829589844
65048 33.75519742095572
65264 33.75519742095572
65464 33.75519742095572
65583 29.385606128984882
65619 67.51039484191143
65632 31.494712829589844
65709 14.692803064492441
66210 67.51039484191143
66219 31.494712829589844
66236 33.75519742095572
66251 29.385606128984882
66259 33.75519742095572
66379 67.51039484191143
66392 27.417739994649107
66449 31.494712829589844
66561 31.494712829589844
66591 27.417739994649107
66765 12.790827984192916
66782 62.98942565917969
66858 33.75519742095572
67132 31.494712829589844
67487 14.692803064492441
67794 29.385606128984882
67810 62.98942565917969
68096 31.494712829589844
68337 29.385606128984882
68615 62.98942565917969
68673 31.494712829589844
68814 27.417739994649107
69371 33.75519742095572
69426 31.494712829589844
69617 29.385606128984882
69740 14.692803064492441
69935 31.494712829589844
69957 29.385606128984882
70074 67.51039484191143
70343 33.75519742095572
70355 33.75519742095572
70622 33.75519742095572
71137 33.75519742095572
71211 72.35584963690772
71581 31.494712829589844
71770 62.98942565917969
71858 15.747356414794922
71996 33.75519742095572
72205 33.75519742095572
72434 31.494712829589844
72438 29.385606128984882
72542 33.75519742095572
72698 27.417739994649107
72752 29.385606128984882
72953 33.75519742095572
73140 29.385606128984882
73195 58.771212257969765
73279 33.75519742095572
73357 29.385606128984882
73442 31.494712829589844
73510 33.75519742095572
73528 29.385606128984882
73533 31.494712829589844
73640 67.51039484191143
73747 12.790827984192916
73765 31.494712829589844
73987 33.75519742095572
74494 31.494712829589844
74629 33.75519742095572
74834 33.75519742095572
74932 27.417739994649107
75041 15.747356414794922
75084 33.75519742095572
75101 31.494712829589844
75140 29.385606128984882
75155 33.75519742095572
75173 27.417739994649107
75273 31.494712829589844
75305 62.98942565917969
75550 33.75519742095572
75731 72.35584963690772
75885 33.75519742095572
75946 33.75519742095572
76023 14.692803064492441
76107 62.98942565917969
76186 27.417739994649107
76232 67.51039484191143
76464 14.692803064492441
76467 31.494712829589844
76506 62.98942565917969
76703 33.75519742095572
76720 29.385606128984882
76743 29.385606128984882
76770 31.494712829589844
76821 31.494712829589844
76946 33.75519742095572
77025 33.75519742095572
77026 15.747356414794922
77537 14.692803064492441
77617 31.494712829589844
77952 72.35584963690772
77974 29.385606128984882
78160 33.75519742095572
78197 31.494712829589844
78308 31.494712829589844
78654 31.494712829589844
78675 27.417739994649114
78750 72.35584963690772
78801 33.75519742095572
78883 31.494712829589844
79136 67.51039484191143
79150 14.692803064492441
79220 33.75519742095572
79262 33.75519742095572
79336 33.75519742095572
79346 33.75519742095572
79504 31.494712829589844
79559 15.747356414794922
79722 62.98942565917969
79774 33.75519742095572
79817 31.494712829589844
79851 31.494712829589844
79907 14.692803064492441
79921 31.494712829589844
79981 31.494712829589844
80309 31.494712829589844
80330 67.51039484191143
80398 14.692803064492441
80453 31.494712829589844
80535 33.75519742095572
80685 13.708869997324554
80736 15.747356414794922
80792 31.494712829589844
80809 33.75519742095572
80821 72.35584963690772
80850 15.747356414794922
80894 33.75519742095572
80937 67.51039484191143
80956 31.494712829589844
80976 31.494712829589844
81065 25.58165596838583
81169 33.75519742095572
81204 67.51039484191143
81248 33.75519742095572
81419 31.494712829589844
81580 31.494712829589844
81589 31.494712829589844
81599 31.494712829589844
81821 31.494712829589844
81982 31.494712829589844
82028 12.790827984192916
82121 29.385606128984882
82302 31.494712829589844
82427 33.75519742095572
82466 31.494712829589844
82574 67.51039484191143
82679 14.692803064492441
82712 31.494712829589844
82713 31.494712829589844
82759 29.385606128984882
82804 31.494712829589844
82935 33.75519742095572
82949 31.494712829589844
82958 67.51039484191143
83017 14.692803064492441
83112 29.385606128984882
83270 29.385606128984882
83458 72.35584963690772
83497 33.75519742095572
83525 31.494712829589844
83534 31.494712829589844
83543 31.494712829589844
83558 29.385606128984882
83567 14.692803064492441
83650 33.75519742095572
83780 29.385606128984882
83846 15.747356414794922
83848 67.51039484191143
83882 31.494712829589844
83930 67.51039484191143
84074 31.494712829589844
84158 31.494712829589844
84213 31.494712829589844
84329 67.51039484191143
84408 67.51039484191143
84452 33.75519742095572
84529 29.385606128984882
84565 29.385606128984882
84578 29.385606128984882
84634 31.494712829589844
84738 33.75519742095572
84802 67.51039484191143
84803 67.51039484191143
84843 15.747356414794922
84872 33.75519742095572
84945 33.75519742095572
84988 29.385606128984882
84991 31.494712829589844
85090 31.494712829589844
85149 33.75519742095572
85170 33.75519742095572
85398 29.385606128984882
85435 33.75519742095572
85525 15.747356414794922
85562 155.09815900020797
85770 29.385606128984882
86192 27.417739994649114
86209 62.98942565917969
86231 27.417739994649107
86256 31.494712829589844
86272 67.51039484191143
86399 31.494712829589844
86489 14.692803064492441
86604 15.747356414794922
86704 29.385606128984882
86782 14.692803064492441
87105 31.494712829589844
87153 31.494712829589844
87265 72.35584963690772
87414 31.494712829589844
87638 31.494712829589844
87723 155.09815900020797
87853 67.51039484191143