4293 14.692803064492441
6704 15.747356414794922
8631 15.747356414794922
12301 14.692803064492441
15357 15.747356414794922
18422 15.747356414794922
20380 33.75519742095572
20682 14.692803064492441
21446 33.75519742095572
21648 15.747356414794922
21678 14.692803064492441
23703 14.692803064492441
23810 14.692803064492441
25839 14.692803064492441
26003 31.494712829589844
26051 33.75519742095572
26205 14.692803064492441
27154 15.747356414794922
27581 31.494712829589844
28223 31.494712829589844
28424 31.494712829589844
28852 15.747356414794922
29350 33.75519742095572
29833 33.75519742095572
29938 15.747356414794922
31466 33.75519742095572
32284 31.494712829589844
32517 33.75519742095572
33895 14.692803064492441
33936 15.747356414794922
33991 27.417739994649107
34513 31.494712829589844
34576 29.385606128984882
34819 31.494712829589844
35312 33.75519742095572
35643 33.75519742095572
36710 31.494712829589844
36712 31.494712829589844
37550 15.747356414794922
37914 33.75519742095572
38021 33.75519742095572
38252 31.494712829589844
38504 62.98942565917969
38531 29.385606128984882
38684 15.747356414794922
39604 15.747356414794922
40033 29.385606128984882
40057 33.75519742095572
40140 33.75519742095572
40880 15.747356414794922
41069 14.692803064492441
41469 29.385606128984882
41532 15.747356414794922
42428 15.747356414794922
42545 13.708869997324554
42664 15.747356414794922
42855 31.494712829589844
43029 27.417739994649107
43075 14.692803064492441
43133 33.75519742095572
43357 15.747356414794922
44227 33.75519742095572
44576 31.494712829589844
45051 33.75519742095572
46644 33.75519742095572
46663 31.494712829589844
47062 33.75519742095572
47166 31.494712829589844
47261 33.75519742095572
47508 31.494712829589844
47637 13.708869997324554
47677 31.494712829589844
48061 33.75519742095572
48491 33.75519742095572
48507 15.747356414794922
48588 14.692803064492441
48760 33.75519742095572
49100 31.494712829589844
49648 27.417739994649107
49881 31.494712829589844
50205 15.747356414794922
50232 27.417739994649107
50302 15.747356414794922
50590 67.51039484191143
50775 29.385606128984882
50919 31.494712829589844
51633 33.75519742095572
51681 31.494712829589844
51762 33.75519742095572
52368 33.75519742095572
52894 33.75519742095572
52927 67.51039484191143
52952 27.417739994649107
53504 15.747356414794922
53864 31.494712829589844
54156 15.747356414794922
54319 72.35584963690772
54514 13.708869997324554
54720 15.747356414794922
54747 33.75519742095572
54927 33.75519742095572
54964 72.35584963690772
55005 33.75519742095572
55045 31.494712829589844
55072 33.75519742095572
55155 31.494712829589844
55346 29.385606128984882
55780 33.75519742095572
55793 31.494712829589844
56043 31.494712829589844
56296 33.75519742095572
56489 72.35584963690772
56495 15.747356414794922
56612 31.494712829589844
57010 67.51039484191143
57282 33.75519742095572
57344 27.417739994649107
57375 29.385606128984882
57625 31.494712829589844
57709 15.747356414794922
57741 33.75519742095572
57808 72.35584963690772
57836 29.385606128984882
57843 13.708869997324554
58548 33.75519742095572
58921 31.494712829589844
59048 31.494712829589844
59187 29.385606128984882
59648 144.71169927381544
59703 14.692803064492441
59747 72.35584963690772
60006 31.494712829589844
60376 15.747356414794922
60504 33.75519742095572
60565 13.708869997324554
60962 33.75519742095572
61090 14.692803064492441
61353 31.494712829589844
61459 31.494712829589844
61555 15.747356414794922
61615 29.385606128984882
61653 15.747356414794922
61740 72.35584963690772
61850 29.385606128984882
61882 33.75519742095572
61922 29.385606128984882
61945 62.98942565917969
62143 33.75519742095572
62265 31.494712829589844
62299 31.494712829589844
62301 31.494712829589844
62488 33.75519742095572
62491 33.75519742095572
62600 67.51039484191143
62821 31.494712829589844
62879 33.75519742095572
62968 33.75519742095572
63081 33.75519742095572
63092 33.75519742095572
63102 67.51039484191143
63289 67.51039484191143
63352 15.747356414794922
63359 33.75519742095572
63407 33.75519742095572
63416 33.75519742095572
63417 33.75519742095572
63717 33.75519742095572
63872 14.692803064492441
63892 29.385606128984882
63964 14.692803064492441
64173 27.417739994649107
64178 72.35584963690772
64268 15.747356414794922
64349 33.75519742095572
64505 33.75519742095572
64620 33.75519742095572
64624 33.75519742095572
64703 33.75519742095572
65000 15.747356414794922
65091 31.494712829589844
65223 31.494712829589844
65527 31.494712829589844
65615 29.385606128984882
65771 72.35584963690772
65841 14.692803064492441
66163 33.75519742095572
66296 33.75519742095572
66309 29.385606128984882
66343 29.385606128984882
67194 33.75519742095572
67232 33.75519742095572
67648 33.75519742095572
67692 31.494712829589844
67952 33.75519742095572
68083 33.75519742095572
68217 15.747356414794922
68260 13.708869997324554
68286 33.75519742095572
68334 33.75519742095572
68472 29.385606128984882
68620 31.494712829589844
68767 29.385606128984882
68832 29.385606128984882
68924 31.494712829589844
68926 72.35584963690772
69005 33.75519742095572
69009 15.747356414794922
69531 33.75519742095572
69534 33.75519742095572
69569 33.75519742095572
69695 27.417739994649107
69811 27.417739994649107
69863 33.75519742095572
69967 31.494712829589844
70004 33.75519742095572
70039 144.71169927381544
70200 33.75519742095572
70386 72.35584963690772
70470 31.494712829589844
70483 33.75519742095572
70488 29.385606128984882
70523 14.692803064492441
70727 33.75519742095572
70750 33.75519742095572
70825 67.51039484191143
70917 29.385606128984882
70996 29.385606128984882
71042 67.51039484191143
71101 31.494712829589844
71124 33.75519742095572
71264 15.747356414794922
71293 15.747356414794922
71395 33.75519742095572
71454 33.75519742095572
71578 33.75519742095572
71584 15.747356414794922
71604 15.747356414794922
71628 29.385606128984882
71693 31.494712829589844
71807 33.75519742095572
71820 14.692803064492441
72032 31.494712829589844
72078 15.747356414794922
72103 15.747356414794922
72124 33.75519742095572
72294 31.494712829589844
72690 31.494712829589844
72881 67.51039484191143
72931 33.75519742095572
73267 33.75519742095572
73447 33.75519742095572
73461 33.75519742095572
73481 33.75519742095572
73522 29.385606128984882
73691 58.771212257969765
73779 33.75519742095572
74088 33.75519742095572
74151 15.747356414794922
74320 33.75519742095572
74321 33.75519742095572
74497 67.51039484191143
74601 31.494712829589844
75123 33.75519742095572
75179 33.75519742095572
75232 33.75519742095572
75262 62.98942565917969
75453 33.75519742095572
75561 33.75519742095572
75578 72.35584963690772
75769 33.75519742095572
75808 72.35584963690772
75811 29.385606128984882
75827 72.35584963690772
75853 72.35584963690772
75857 33.75519742095572
76008 33.75519742095572
76033 31.494712829589844
76271 27.417739994649107
76315 33.75519742095572
76438 33.75519742095572
76442 14.692803064492441
76568 31.494712829589844
76581 31.494712829589844
76792 67.51039484191143
76937 67.51039484191143
76940 31.494712829589844
77169 31.494712829589844
77219 29.385606128984882
77460 33.75519742095572
77467 62.98942565917969
77487 14.692803064492441
77585 31.494712829589844
77607 31.494712829589844
77754 33.75519742095572
77760 72.35584963690772
77936 33.75519742095572
77942 33.75519742095572
78058 31.494712829589844
78160 33.75519742095572
78261 62.98942565917969
78317 31.494712829589844
78463 31.494712829589844
78503 62.98942565917969
78512 72.35584963690772
78685 31.494712829589844
78717 33.75519742095572
78724 15.747356414794922
78814 33.75519742095572
78858 31.494712829589844
79097 31.494712829589844
79150 29.385606128984882
79486 33.75519742095572
79589 155.09815900020797
79841 31.494712829589844
79925 31.494712829589844
80227 33.75519742095572
80266 62.98942565917969
80537 72.35584963690772
80546 15.747356414794922
80645 67.51039484191143
80669 62.98942565917969
80704 72.35584963690772
80918 72.35584963690772
80977 62.98942565917969
81066 72.35584963690772
81150 67.51039484191143
81160 67.51039484191143
81171 33.75519742095572
81186 33.75519742095572
81205 33.75519742095572
81279 29.385606128984882
81332 33.75519742095572
81382 29.385606128984882
81484 31.494712829589844
81557 62.98942565917969
81668 67.51039484191143
81770 15.747356414794922
81775 72.35584963690772
81841 31.494712829589844
81889 33.75519742095572
81900 31.494712829589844
82038 31.494712829589844
82139 54.835479989298214
82179 31.494712829589844
82352 33.75519742095572
82492 62.98942565917969
82526 14.692803064492441
82556 31.494712829589844
82573 33.75519742095572
82839 31.494712829589844
82881 33.75519742095572
82901 15.747356414794922
82916 27.417739994649107
82929 72.35584963690772
83041 15.747356414794922
83045 29.385606128984882
83073 33.75519742095572
83276 33.75519742095572
83434 62.98942565917969
83472 33.75519742095572
83489 31.494712829589844
83514 13.708869997324554
83531 31.494712829589844
83700 33.75519742095572
83949 33.75519742095572
84418 31.494712829589844
84578 31.494712829589844
84581 29.385606128984882
84797 31.494712829589844
84806 155.09815900020797
84810 67.51039484191143
84851 33.75519742095572
84981 33.75519742095572
85018 67.51039484191143
85359 31.494712829589844
85507 72.35584963690772
85522 33.75519742095572
85523 33.75519742095572
85725 31.494712829589844
85768 33.75519742095572
85939 33.75519742095572
85971 62.98942565917969
86074 33.75519742095572
86080 29.385606128984882
86092 33.75519742095572
86154 72.35584963690772
86166 67.51039484191143
86268 155.09815900020797
86330 31.494712829589844
86345 29.385606128984882
86387 14.692803064492441
86449 33.75519742095572
86457 31.494712829589844
86470 33.75519742095572
86471 33.75519742095572
86726 33.75519742095572
86765 31.494712829589844
86784 33.75519742095572
86932 33.75519742095572
87254 31.494712829589844