2787 15.747356414794922
5972 15.747356414794922
10170 15.747356414794922
10801 15.747356414794922
10817 15.747356414794922
14179 14.692803064492441
19705 13.708869997324554
20049 15.747356414794922
20358 14.692803064492441
20713 15.747356414794922
21333 13.708869997324554
21408 15.747356414794922
22594 15.747356414794922
22685 15.747356414794922
23249 14.692803064492441
24557 15.747356414794922
25752 15.747356414794922
25896 14.692803064492441
25949 33.75519742095572
27142 14.692803064492441
27675 14.692803064492441
28288 12.790827984192916
28422 15.747356414794922
28539 14.692803064492441
28619 15.747356414794922
29055 31.494712829589844
29719 14.692803064492441
30088 14.692803064492441
30678 14.692803064492441
31469 14.692803064492441
32373 33.75519742095572
32426 67.51039484191143
32795 14.692803064492441
33176 14.692803064492441
33763 14.692803064492441
35034 13.708869997324554
35196 15.747356414794922
35382 33.75519742095572
35648 33.75519742095572
36108 15.747356414794922
36249 14.692803064492441
37669 14.692803064492441
37736 33.75519742095572
38061 14.692803064492441
38707 15.747356414794922
38839 15.747356414794922
39067 14.692803064492441
39301 14.692803064492441
39591 72.35584963690772
39681 13.708869997324554
40298 33.75519742095572
40353 33.75519742095572
40961 14.692803064492441
41711 31.494712829589844
41776 54.835479989298214
41820 15.747356414794922
42223 31.494712829589844
42474 15.747356414794922
42661 15.747356414794922
43070 15.747356414794922
44225 67.51039484191143
44247 15.747356414794922
44546 13.708869997324554
44690 15.747356414794922
44863 14.692803064492441
45013 14.692803064492441
45099 15.747356414794922
45102 33.75519742095572
45393 13.708869997324554
45884 31.494712829589844
46389 15.747356414794922
46791 15.747356414794922
46956 15.747356414794922
47281 14.692803064492441
47349 31.494712829589844
47358 15.747356414794922
47473 31.494712829589844
47488 15.747356414794922
48172 31.494712829589844
48392 67.51039484191143
48571 15.747356414794922
48733 15.747356414794922
49139 15.747356414794922
49830 31.494712829589844
49843 33.75519742095572
49943 31.494712829589844
50386 15.747356414794922
50440 12.790827984192916
51114 15.747356414794922
51263 15.747356414794922
51379 13.708869997324554
51417 13.708869997324554
51470 58.771212257969765
51755 15.747356414794922
52323 15.747356414794922
52457 13.708869997324554
52460 14.692803064492441
52521 15.747356414794922
52824 29.385606128984882
52873 72.35584963690772
52892 58.771212257969765
52955 14.692803064492441
53081 31.494712829589844
53260 14.692803064492441
53689 12.790827984192916
53817 33.75519742095572
53857 67.51039484191143
54117 33.75519742095572
54132 33.75519742095572
54311 14.692803064492441
54335 13.708869997324554
54476 14.692803064492441
54684 31.494712829589844
54686 14.692803064492441
54972 72.35584963690772
55082 67.51039484191143
55146 31.494712829589844
55352 13.708869997324554
55381 14.692803064492441
55405 33.75519742095572
55422 13.708869997324554
55466 15.747356414794922
55691 15.747356414794922
55711 14.692803064492441
55807 15.747356414794922
55973 15.747356414794922
56044 14.692803064492441
56253 62.98942565917969
56592 72.35584963690772
56625 15.747356414794922
57445 135.02078968382287
57447 12.790827984192916
57598 33.75519742095572
57757 72.35584963690772
57853 15.747356414794922
57929 13.708869997324554
57972 14.692803064492441
58361 14.692803064492441
58978 31.494712829589844
59118 14.692803064492441
59640 15.747356414794922
59782 15.747356414794922
60129 67.51039484191143
60263 72.35584963690772
60303 15.747356414794922
60368 67.51039484191143
60450 15.747356414794922
60747 67.51039484191143
60833 33.75519742095572
60949 14.692803064492441
61017 67.51039484191143
61248 33.75519742095572
62174 67.51039484191143
62271 15.747356414794922
62413 15.747356414794922
62446 15.747356414794922
63193 13.708869997324554
63429 14.692803064492441
63702 67.51039484191143
63733 33.75519742095572
63812 72.35584963690772
63889 14.692803064492441
63930 13.708869997324554
64034 14.692803064492441
64038 14.692803064492441
64073 33.75519742095572
64177 33.75519742095572
64193 67.51039484191143
64217 15.747356414794922
64468 15.747356414794922
64545 14.692803064492441
64547 33.75519742095572
64605 27.417739994649107
64719 29.385606128984882
64828 13.708869997324554
64842 15.747356414794922
65040 15.747356414794922
65467 15.747356414794922
65556 67.51039484191143
65562 31.494712829589844
65837 33.75519742095572
65883 67.51039484191143
66209 31.494712829589844
66568 29.385606128984882
66610 29.385606128984882
66899 72.35584963690772
67006 33.75519742095572
67422 58.771212257969765
67439 14.692803064492441
67479 15.747356414794922
67491 15.747356414794922
67613 15.747356414794922
67715 62.98942565917969
67732 67.51039484191143
67782 67.51039484191143
68170 72.35584963690772
68174 15.747356414794922
68377 14.692803064492441
68422 72.35584963690772
68584 12.790827984192916
68612 72.35584963690772
68955 72.35584963690772
69012 14.692803064492441
69182 15.747356414794922
69573 31.494712829589844
69635 67.51039484191143
69640 13.708869997324554
70166 33.75519742095572
70178 15.747356414794922
70307 67.51039484191143
70414 72.35584963690772
70623 31.494712829589844
70642 31.494712829589844
70724 62.98942565917969
70727 33.75519742095572
70746 12.790827984192916
70796 62.98942565917969
71007 15.747356414794922
71015 14.692803064492441
71456 14.692803064492441
71677 15.747356414794922
71841 67.51039484191143
71920 62.98942565917969
72066 67.51039484191143
72212 72.35584963690772
72319 13.708869997324554
72407 15.747356414794922
72735 72.35584963690772
72750 29.385606128984882
72763 67.51039484191143
72899 13.708869997324554
72966 72.35584963690772
73020 31.494712829589844
73113 62.98942565917969
73118 14.692803064492441
73288 33.75519742095572
73497 15.747356414794922
73689 15.747356414794922
73807 15.747356414794922
73982 15.747356414794922
74039 67.51039484191143
74043 67.51039484191143
74104 15.747356414794922
74131 33.75519742095572
74178 29.385606128984882
74273 67.51039484191143
74292 15.747356414794922
74393 33.75519742095572
74739 67.51039484191143
74772 58.771212257969765
74799 14.692803064492441
74890 67.51039484191143
75184 14.692803064492441
75185 14.692803064492441
75318 31.494712829589844
75336 14.692803064492441
75502 58.771212257969765
75556 15.747356414794922
75580 15.747356414794922
75633 67.51039484191143
75701 67.51039484191143
75912 62.98942565917969
75915 33.75519742095572
75922 29.385606128984882
76068 14.692803064492441
76129 15.747356414794922
76157 31.494712829589844
76176 62.98942565917969
76188 72.35584963690772
76427 67.51039484191143
76485 58.771212257969765
76590 29.385606128984882
76681 67.51039484191143
76697 15.747356414794922
76954 33.75519742095572
76974 67.51039484191143
77047 14.692803064492441
77301 15.747356414794922
77348 31.494712829589844
77486 67.51039484191143
77582 72.35584963690772
77642 15.747356414794922
77833 31.494712829589844
77841 72.35584963690772
78060 62.98942565917969
78089 67.51039484191143
78118 67.51039484191143
78119 67.51039484191143
78227 33.75519742095572
78275 72.35584963690772
78335 33.75519742095572
78356 72.35584963690772
78365 33.75519742095572
78513 33.75519742095572
78668 33.75519742095572
78883 67.51039484191143
78930 58.771212257969765
78937 72.35584963690772
78999 13.708869997324554
79131 15.747356414794922
79145 33.75519742095572
79165 15.747356414794922
79335 33.75519742095572
79392 72.35584963690772
79523 31.494712829589844
79528 13.708869997324554
79679 15.747356414794922
79830 72.35584963690772
79981 29.385606128984882
80014 15.747356414794922
80125 15.747356414794922
80139 12.790827984192916
80169 15.747356414794922
80186 31.494712829589844
80219 29.385606128984882
80458 33.75519742095572
80552 33.75519742095572
80593 14.692803064492441
80611 33.75519742095572
80711 33.75519742095572
80798 14.692803064492441
80799 14.692803064492441
80806 15.747356414794922
80835 33.75519742095572
80848 33.75519742095572
80893 15.747356414794922
80983 33.75519742095572
81066 155.09815900020797
81183 31.494712829589844
81211 31.494712829589844
81272 14.692803064492441
81277 15.747356414794922
81562 67.51039484191143
81614 33.75519742095572
81922 14.692803064492441
81966 155.09815900020797
82104 33.75519742095572
82283 15.747356414794922
82422 72.35584963690772
82540 33.75519742095572
82638 14.692803064492441
82646 72.35584963690772
82716 33.75519742095572
82798 13.708869997324554
82871 67.51039484191143
82982 15.747356414794922
83062 15.747356414794922
83366 15.747356414794922
83369 15.747356414794922
83512 15.747356414794922
83603 15.747356414794922
83607 62.98942565917969
83610 33.75519742095572
83781 72.35584963690772
83823 31.494712829589844
83990 72.35584963690772
84002 13.708869997324554
84045 33.75519742095572
84169 33.75519742095572
84287 33.75519742095572
84299 72.35584963690772
84440 72.35584963690772
84459 67.51039484191143
84479 67.51039484191143
84531 12.790827984192916
84585 14.692803064492441
84740 67.51039484191143
84846 72.35584963690772
84863 33.75519742095572
84895 62.98942565917969
84921 29.385606128984882
85163 15.747356414794922
85233 67.51039484191143
85771 67.51039484191143
85777 15.747356414794922
85892 54.835479989298214
85897 15.747356414794922
86056 15.747356414794922
86195 31.494712829589844
86284 33.75519742095572
86327 15.747356414794922
86508 31.494712829589844
86539 72.35584963690772
86609 15.747356414794922
86618 15.747356414794922
86630 67.51039484191143
86692 15.747356414794922
86704 67.51039484191143
86716 14.692803064492441
86774 33.75519742095572
87100 14.692803064492441
87274 15.747356414794922
87452 72.35584963690772
87735 62.98942565917969
87822 67.51039484191143
87829 14.692803064492441
88074 15.747356414794922
88137 72.35584963690772
88138 58.771212257969765
88150 14.692803064492441