3800 14.692803064492441
7679 15.747356414794922
9806 13.708869997324554
10509 14.692803064492441
11082 13.708869997324554
12688 15.747356414794922
13270 14.692803064492441
15621 15.747356414794922
17603 15.747356414794922
17673 27.417739994649107
18770 15.747356414794922
18990 14.692803064492441
20787 14.692803064492441
21349 33.75519742095572
21733 13.708869997324554
22514 14.692803064492441
22878 15.747356414794922
23044 13.708869997324554
23329 13.708869997324554
23400 14.692803064492441
23404 14.692803064492441
23439 12.790827984192916
23520 14.692803064492441
25296 14.692803064492441
26115 33.75519742095572
27084 13.708869997324554
28154 33.75519742095572
29388 14.692803064492441
29451 14.692803064492441
30317 15.747356414794922
31034 13.708869997324554
32185 15.747356414794922
32296 14.692803064492441
32944 15.747356414794922
33298 14.692803064492441
33717 14.692803064492441
34296 15.747356414794922
34467 33.75519742095572
34508 13.708869997324554
34663 15.747356414794922
35298 14.692803064492441
35570 31.494712829589844
35865 14.692803064492441
36029 31.494712829589844
36278 13.708869997324554
36445 14.692803064492441
36736 15.747356414794922
37073 15.747356414794922
37382 33.75519742095572
37482 13.708869997324554
37723 13.708869997324554
38129 15.747356414794922
38360 15.747356414794922
38443 11.13506250666297
38753 13.708869997324554
38795 15.747356414794922
38882 14.692803064492441
38931 15.747356414794922
39266 29.385606128984882
39637 14.692803064492441
39911 14.692803064492441
40306 11.934264498324229
40517 29.385606128984882
40760 13.708869997324554
41035 14.692803064492441
41215 14.692803064492441
41310 13.708869997324554
41373 13.708869997324554
41436 29.385606128984882
41644 13.708869997324554
41824 15.747356414794922
42864 33.75519742095572
43223 33.75519742095572
43828 14.692803064492441
43854 15.747356414794922
44025 13.708869997324554
44209 72.35584963690772
44431 14.692803064492441
44474 12.790827984192916
44693 12.790827984192916
44868 15.747356414794922
45269 29.385606128984882
45479 14.692803064492441
45715 33.75519742095572
45977 15.747356414794922
46050 13.708869997324554
46387 67.51039484191143
46686 11.934264498324229
46788 14.692803064492441
47301 15.747356414794922
47836 14.692803064492441
47864 31.494712829589844
47970 25.58165596838583
48032 15.747356414794922
48186 15.747356414794922
48211 14.692803064492441
48495 14.692803064492441
48649 12.790827984192916
49109 14.692803064492441
49343 13.708869997324554
49434 14.692803064492441
50355 29.385606128984882
50428 31.494712829589844
50660 15.747356414794922
50739 31.494712829589844
51073 14.692803064492441
51162 13.708869997324554
51488 11.934264498324229
51749 14.692803064492441
52094 31.494712829589844
52137 33.75519742095572
52155 15.747356414794922
52323 14.692803064492441
52389 15.747356414794922
52400 15.747356414794922
52464 12.790827984192916
52559 14.692803064492441
52686 13.708869997324554
52972 14.692803064492441
53132 15.747356414794922
53325 31.494712829589844
53432 29.385606128984882
53486 12.790827984192916
53600 15.747356414794922
54015 15.747356414794922
54529 15.747356414794922
54559 13.708869997324554
54903 15.747356414794922
55226 12.790827984192916
55408 13.708869997324554
55512 31.494712829589844
55551 14.692803064492441
55633 13.708869997324554
55985 14.692803064492441
56515 14.692803064492441
56557 33.75519742095572
56580 15.747356414794922
56715 14.692803064492441
56840 67.51039484191143
56887 15.747356414794922
57074 15.747356414794922
57161 14.692803064492441
57303 62.98942565917969
57466 14.692803064492441
57820 31.494712829589844
57906 29.385606128984882
58243 29.385606128984882
58526 14.692803064492441
58683 31.494712829589844
58984 31.494712829589844
59214 13.708869997324554
59336 11.934264498324229
59940 31.494712829589844
60054 14.692803064492441
60084 31.494712829589844
60449 33.75519742095572
60800 29.385606128984882
60930 33.75519742095572
61172 13.708869997324554
61310 15.747356414794922
61345 12.790827984192916
61360 62.98942565917969
61373 14.692803064492441
61378 15.747356414794922
61391 14.692803064492441
61498 33.75519742095572
61980 31.494712829589844
62035 13.708869997324554
62370 15.747356414794922
62547 14.692803064492441
62609 14.692803064492441
62725 29.385606128984882
62731 13.708869997324554
62799 31.494712829589844
62845 13.708869997324554
62980 33.75519742095572
63263 33.75519742095572
63322 29.385606128984882
63460 31.494712829589844
63589 72.35584963690772
63702 33.75519742095572
64047 31.494712829589844
64146 33.75519742095572
64362 13.708869997324554
64519 14.692803064492441
64646 27.417739994649107
64761 62.98942565917969
64834 33.75519742095572
64853 62.98942565917969
64899 14.692803064492441
64918 14.692803064492441
64989 31.494712829589844
65303 14.692803064492441
65477 15.747356414794922
65622 33.75519742095572
65853 31.494712829589844
65935 33.75519742095572
66135 13.708869997324554
66140 13.708869997324554
66403 13.708869997324554
66509 29.385606128984882
66566 14.692803064492441
66725 31.494712829589844
67030 14.692803064492441
67581 14.692803064492441
67661 33.75519742095572
67772 33.75519742095572
68161 14.692803064492441
68220 15.747356414794922
68340 62.98942565917969
68378 14.692803064492441
68438 25.58165596838583
68562 14.692803064492441
68591 29.385606128984882
68727 14.692803064492441
68737 15.747356414794922
68933 15.747356414794922
69065 14.692803064492441
69066 33.75519742095572
69216 72.35584963690772
69658 62.98942565917969
70010 33.75519742095572
70268 155.09815900020797
70380 14.692803064492441
70472 62.98942565917969
70752 67.51039484191143
71108 15.747356414794922
71222 14.692803064492441
71290 31.494712829589844
71725 33.75519742095572
71819 72.35584963690772
71838 125.97885131835938
71975 144.71169927381544
72126 27.417739994649107
72414 13.708869997324554
72460 13.708869997324554
72557 33.75519742095572
72565 33.75519742095572
72614 31.494712829589844
72724 72.35584963690772
73060 31.494712829589844
73080 72.35584963690772
73173 14.692803064492441
73244 72.35584963690772
73286 31.494712829589844
73404 15.747356414794922
73492 62.98942565917969
73495 25.58165596838583
73681 14.692803064492441
73763 31.494712829589844
73981 72.35584963690772
74028 62.98942565917969
74069 33.75519742095572
74071 29.385606128984882
74199 13.708869997324554
74230 33.75519742095572
74258 72.35584963690772
74327 14.692803064492441
74529 14.692803064492441
74656 13.708869997324554
74726 33.75519742095572
74857 33.75519742095572
75060 31.494712829589844
75152 31.494712829589844
75173 29.385606128984882
75344 31.494712829589844
75354 72.35584963690772
75748 72.35584963690772
75765 14.692803064492441
75899 29.385606128984882
75990 67.51039484191143
76474 33.75519742095572
76486 31.494712829589844
76492 33.75519742095572
76627 31.494712829589844
77078 14.692803064492441
77098 67.51039484191143
77104 33.75519742095572
77158 14.692803064492441
77172 72.35584963690772
77351 67.51039484191143
77493 62.98942565917969
77686 33.75519742095572
77696 67.51039484191143
77705 29.385606128984882
77726 12.790827984192916
77904 15.747356414794922
77915 15.747356414794922
77962 31.494712829589844
78022 29.385606128984882
78150 62.98942565917969
78284 33.75519742095572
78294 31.494712829589844
78304 14.692803064492441
78316 14.692803064492441
78498 31.494712829589844
78641 14.692803064492441
78707 33.75519742095572
78746 14.692803064492441
78785 27.417739994649107
78916 31.494712829589844
78953 31.494712829589844
79137 72.35584963690772
79271 67.51039484191143
79286 155.09815900020797
79321 72.35584963690772
79444 29.385606128984882
79556 33.75519742095572
79600 72.35584963690772
79724 31.494712829589844
79774 67.51039484191143
79849 31.494712829589844
80200 29.385606128984882
80340 144.71169927381544
80440 67.51039484191143
80512 14.692803064492441
80561 31.494712829589844
80700 67.51039484191143
80900 13.708869997324554
81026 33.75519742095572
81129 155.09815900020797
81235 15.747356414794922
81285 72.35584963690772
81288 15.747356414794922
81360 31.494712829589844
81423 117.54242451593953
81465 31.494712829589844
81500 13.708869997324554
81606 15.747356414794922
81628 33.75519742095572
81713 72.35584963690772
81743 67.51039484191143
81772 33.75519742095572
81846 31.494712829589844
81904 33.75519742095572
82032 72.35584963690772
82244 14.692803064492441
82313 67.51039484191143
82467 31.494712829589844
82508 67.51039484191143
82556 33.75519742095572
82579 14.692803064492441
82612 15.747356414794922
82775 15.747356414794922
83013 31.494712829589844
83282 29.385606128984882
83356 72.35584963690772
83423 13.708869997324554
83484 33.75519742095572
83549 15.747356414794922
83857 67.51039484191143
83953 67.51039484191143
83963 31.494712829589844
84166 15.747356414794922
84212 15.747356414794922
84409 13.708869997324554
84503 15.747356414794922
85009 155.09815900020797
85030 31.494712829589844
85129 72.35584963690772
85147 33.75519742095572
85234 31.494712829589844
85253 31.494712829589844
85266 25.58165596838583
85300 12.790827984192916
85645 13.708869997324554
85700 67.51039484191143
85887 29.385606128984882
85939 13.708869997324554
85982 62.98942565917969
86092 72.35584963690772
86126 72.35584963690772
86152 72.35584963690772
86213 15.747356414794922
86231 31.494712829589844
86537 14.692803064492441
86798 15.747356414794922
86963 14.692803064492441
87118 14.692803064492441
87152 31.494712829589844
87270 29.385606128984882
87286 13.708869997324554
87383 72.35584963690772
87503 72.35584963690772
87937 33.75519742095572
87946 29.385606128984882
87986 67.51039484191143
88104 14.692803064492441
88127 67.51039484191143
88252 11.934264498324229
88274 67.51039484191143
88341 155.09815900020797
88376 72.35584963690772
88483 67.51039484191143
88586 31.494712829589844
88700 29.385606128984882
88829 14.692803064492441
88979 72.35584963690772
89101 15.747356414794922
89179 14.692803064492441