10482 15.747356414794922
11477 14.692803064492441
14893 14.692803064492441
15694 15.747356414794922
15765 14.692803064492441
16110 31.494712829589844
16959 14.692803064492441
17317 14.692803064492441
18088 15.747356414794922
18496 13.708869997324554
18847 15.747356414794922
18913 15.747356414794922
18975 15.747356414794922
19465 14.692803064492441
19577 14.692803064492441
19619 13.708869997324554
19890 15.747356414794922
20607 31.494712829589844
20746 15.747356414794922
21261 15.747356414794922
21590 13.708869997324554
21848 14.692803064492441
21962 15.747356414794922
22996 14.692803064492441
23571 15.747356414794922
23607 13.708869997324554
23798 14.692803064492441
24324 29.385606128984882
24592 14.692803064492441
24704 14.692803064492441
25019 15.747356414794922
26827 14.692803064492441
27251 14.692803064492441
27391 14.692803064492441
27945 14.692803064492441
28207 15.747356414794922
28380 14.692803064492441
28440 33.75519742095572
29095 14.692803064492441
29351 14.692803064492441
30077 15.747356414794922
30116 11.934264498324229
30392 15.747356414794922
30866 29.385606128984882
30990 33.75519742095572
31028 15.747356414794922
31339 14.692803064492441
31436 33.75519742095572
31477 15.747356414794922
31670 15.747356414794922
31671 15.747356414794922
31709 31.494712829589844
31829 15.747356414794922
31955 14.692803064492441
32906 31.494712829589844
32983 14.692803064492441
34560 31.494712829589844
35215 13.708869997324554
35953 14.692803064492441
37242 15.747356414794922
37542 14.692803064492441
37863 14.692803064492441
38401 31.494712829589844
38454 15.747356414794922
39141 33.75519742095572
39262 33.75519742095572
39322 15.747356414794922
39985 15.747356414794922
40368 14.692803064492441
40427 33.75519742095572
40469 13.708869997324554
40743 29.385606128984882
41227 31.494712829589844
41993 15.747356414794922
42406 14.692803064492441
42934 14.692803064492441
43171 33.75519742095572
43196 15.747356414794922
43501 31.494712829589844
43506 31.494712829589844
43621 15.747356414794922
43625 14.692803064492441
43749 15.747356414794922
44208 15.747356414794922
44215 33.75519742095572
44223 11.934264498324229
44305 14.692803064492441
44365 15.747356414794922
44545 14.692803064492441
44793 15.747356414794922
44835 29.385606128984882
45187 62.98942565917969
45228 15.747356414794922
45917 33.75519742095572
45978 31.494712829589844
46044 155.09815900020797
46388 33.75519742095572
46439 31.494712829589844
46729 67.51039484191143
46808 13.708869997324554
46836 33.75519742095572
46974 72.35584963690772
47001 15.747356414794922
47042 31.494712829589844
47391 14.692803064492441
47497 31.494712829589844
47560 33.75519742095572
47566 13.708869997324554
47803 33.75519742095572
47879 14.692803064492441
48162 13.708869997324554
48336 31.494712829589844
49188 15.747356414794922
49271 31.494712829589844
49506 33.75519742095572
49795 15.747356414794922
50212 15.747356414794922
50474 31.494712829589844
50744 31.494712829589844
51260 33.75519742095572
51434 67.51039484191143
51566 31.494712829589844
51968 33.75519742095572
52201 31.494712829589844
52272 135.02078968382287
52452 15.747356414794922
52765 13.708869997324554
52916 31.494712829589844
53048 29.385606128984882
53389 15.747356414794922
53552 67.51039484191143
54036 12.790827984192916
54063 14.692803064492441
54064 31.494712829589844
54091 15.747356414794922
54591 13.708869997324554
54926 14.692803064492441
54989 29.385606128984882
55063 27.417739994649107
55495 15.747356414794922
55679 29.385606128984882
56021 31.494712829589844
56125 31.494712829589844
56216 72.35584963690772
56266 14.692803064492441
56320 31.494712829589844
56345 33.75519742095572
56625 29.385606128984882
57082 33.75519742095572
57615 15.747356414794922
57952 14.692803064492441
57983 144.71169927381544
58187 13.708869997324554
58670 33.75519742095572
58877 29.385606128984882
59010 14.692803064492441
59276 15.747356414794922
59358 14.692803064492441
59409 13.708869997324554
59466 31.494712829589844
59766 67.51039484191143
59798 135.02078968382287
60042 155.09815900020797
60107 155.09815900020797
60309 15.747356414794922
60860 14.692803064492441
61163 29.385606128984882
61180 33.75519742095572
61194 13.708869997324554
61517 33.75519742095572
61684 135.02078968382287
61768 67.51039484191143
61934 67.51039484191143
62413 62.98942565917969
62462 13.708869997324554
62481 14.692803064492441
62493 33.75519742095572
62522 144.71169927381544
62697 14.692803064492441
63160 29.385606128984882
63777 14.692803064492441
63954 14.692803064492441
64146 29.385606128984882
64150 13.708869997324554
64309 155.09815900020797
64362 15.747356414794922
64499 33.75519742095572
64652 15.747356414794922
64911 72.35584963690772
64980 62.98942565917969
65005 144.71169927381544
65232 13.708869997324554
65292 155.09815900020797
65487 144.71169927381544
65529 155.09815900020797
65582 72.35584963690772
65623 31.494712829589844
65923 29.385606128984882
66101 33.75519742095572
66243 33.75519742095572
66354 31.494712829589844
66372 31.494712829589844
66411 144.71169927381544
66446 15.747356414794922
66470 72.35584963690772
66514 155.09815900020797
66635 15.747356414794922
66859 29.385606128984882
66886 72.35584963690772
67107 13.708869997324554
67349 67.51039484191143
67676 13.708869997324554
67779 62.98942565917969
67910 27.417739994649107
68071 15.747356414794922
68109 144.71169927381544
68121 31.494712829589844
68130 155.09815900020797
68204 33.75519742095572
68673 31.494712829589844
68878 67.51039484191143
68897 67.51039484191143
69099 15.747356414794922
69147 31.494712829589844
69221 29.385606128984882
69453 33.75519742095572
69476 135.02078968382287
69594 72.35584963690772
69666 72.35584963690772
69762 15.747356414794922
69970 15.747356414794922
70078 72.35584963690772
70137 155.09815900020797
70149 14.692803064492441
70250 135.02078968382287
70258 144.71169927381544
70287 155.09815900020797
70774 13.708869997324554
71277 15.747356414794922
71311 155.09815900020797
71367 67.51039484191143
71388 31.494712829589844
71524 144.71169927381544
71538 33.75519742095572
71708 33.75519742095572
71747 29.385606128984882
71868 125.97885131835938
71960 33.75519742095572
72000 15.747356414794922
72030 27.417739994649107
72191 29.385606128984882
72204 135.02078968382287
72483 144.71169927381544
72516 14.692803064492441
72639 155.09815900020797
72676 33.75519742095572
72735 155.09815900020797
72744 31.494712829589844
73114 14.692803064492441
73321 31.494712829589844
73354 14.692803064492441
73377 27.417739994649107
73441 31.494712829589844
73442 14.692803064492441
73490 33.75519742095572
73567 72.35584963690772
73595 33.75519742095572
73601 155.09815900020797
73623 144.71169927381544
73725 13.708869997324554
73973 58.771212257969765
73993 332.46018180931486
74047 62.98942565917969
74183 14.692803064492441
74263 72.35584963690772
74741 14.692803064492441
74821 135.02078968382287
74868 155.09815900020797
74891 29.385606128984882
75558 72.35584963690772
75563 144.71169927381544
75564 15.747356414794922
75970 155.09815900020797
75989 155.09815900020797
76007 14.692803064492441
76126 144.71169927381544
76258 29.385606128984882
76269 14.692803064492441
76297 67.51039484191143
76398 155.09815900020797
76467 72.35584963690772
76634 15.747356414794922
76635 15.747356414794922
76681 14.692803064492441
76718 33.75519742095572
76759 155.09815900020797
76766 135.02078968382287
76773 62.98942565917969
77001 155.09815900020797
77077 155.09815900020797
77089 15.747356414794922
77154 72.35584963690772
77433 144.71169927381544
77507 33.75519742095572
77564 155.09815900020797
78071 144.71169927381544
78106 14.692803064492441
78283 144.71169927381544
78446 15.747356414794922
78458 15.747356414794922
78530 31.494712829589844
78561 33.75519742095572
78675 33.75519742095572
78784 14.692803064492441
78915 33.75519742095572
78922 155.09815900020797
78930 67.51039484191143
79097 33.75519742095572
79345 144.71169927381544
79384 14.692803064492441
79403 31.494712829589844
79476 155.09815900020797
79737 14.692803064492441
80359 31.494712829589844
80385 13.708869997324554
80559 31.494712829589844
80568 33.75519742095572
80666 31.494712829589844
80756 15.747356414794922
80770 72.35584963690772
80836 14.692803064492441
81182 144.71169927381544
81503 155.09815900020797
81669 144.71169927381544
81675 155.09815900020797
81749 155.09815900020797
81938 58.771212257969765
82300 31.494712829589844
82311 31.494712829589844
82387 332.46018180931486
82448 155.09815900020797
82510 135.02078968382287
82572 33.75519742095572
82626 144.71169927381544
82655 13.708869997324554
82834 144.71169927381544
82845 33.75519742095572
82951 13.708869997324554
83024 155.09815900020797
83058 62.98942565917969
83147 33.75519742095572
83148 72.35584963690772
83296 155.09815900020797
83300 135.02078968382287
83307 155.09815900020797
83457 33.75519742095572
83501 31.494712829589844
83544 33.75519742095572
83774 144.71169927381544
83895 144.71169927381544
83966 14.692803064492441
84059 14.692803064492441
84098 15.747356414794922
84118 31.494712829589844
84301 15.747356414794922
84360 144.71169927381544
84433 155.09815900020797
84461 33.75519742095572
84531 155.09815900020797
84614 144.71169927381544
84676 72.35584963690772
84712 144.71169927381544
84903 144.71169927381544
84999 155.09815900020797
85240 144.71169927381544
85300 144.71169927381544
85345 332.46018180931486
85589 144.71169927381544
85672 155.09815900020797
85801 67.51039484191143
85859 31.494712829589844
85875 144.71169927381544
86118 72.35584963690772
86204 72.35584963690772
86334 67.51039484191143
86338 62.98942565917969
86425 155.09815900020797
86447 72.35584963690772
86464 33.75519742095572
86649 31.494712829589844
86795 31.494712829589844
86802 33.75519742095572
86834 144.71169927381544
86990 54.835479989298214
87058 33.75519742095572
87160 67.51039484191143
87171 12.790827984192916
87370 135.02078968382287
87520 155.09815900020797
87625 33.75519742095572