3684 15.747356414794922
6832 31.494712829589844
7519 15.747356414794922
9472 15.747356414794922
10038 15.747356414794922
13233 33.75519742095572
14569 14.692803064492441
14953 15.747356414794922
15016 15.747356414794922
15560 13.708869997324554
16180 33.75519742095572
16273 13.708869997324554
17244 15.747356414794922
17516 15.747356414794922
19961 31.494712829589844
21082 27.417739994649107
21815 15.747356414794922
22117 31.494712829589844
23235 33.75519742095572
23559 15.747356414794922
23830 13.708869997324554
24763 14.692803064492441
25076 14.692803064492441
25318 15.747356414794922
25370 31.494712829589844
25977 15.747356414794922
26653 33.75519742095572
26926 14.692803064492441
27458 15.747356414794922
27705 15.747356414794922
28303 33.75519742095572
28696 31.494712829589844
28983 15.747356414794922
29736 15.747356414794922
29902 14.692803064492441
31278 67.51039484191143
31440 14.692803064492441
31895 31.494712829589844
32295 31.494712829589844
32767 14.692803064492441
32992 29.385606128984882
33077 33.75519742095572
33382 72.35584963690772
33818 33.75519742095572
33910 15.747356414794922
33958 33.75519742095572
34161 15.747356414794922
34429 72.35584963690772
35915 33.75519742095572
36048 33.75519742095572
36279 33.75519742095572
36489 33.75519742095572
36520 15.747356414794922
36757 13.708869997324554
37882 15.747356414794922
38250 33.75519742095572
38794 62.98942565917969
38889 31.494712829589844
39455 14.692803064492441
39474 14.692803064492441
39584 31.494712829589844
39694 33.75519742095572
40047 15.747356414794922
40289 14.692803064492441
40364 15.747356414794922
41287 33.75519742095572
41586 14.692803064492441
41610 33.75519742095572
42516 33.75519742095572
42657 31.494712829589844
42709 31.494712829589844
43167 15.747356414794922
43426 72.35584963690772
43669 29.385606128984882
44462 67.51039484191143
44693 72.35584963690772
44954 15.747356414794922
45417 14.692803064492441
45479 33.75519742095572
45890 67.51039484191143
45961 31.494712829589844
46493 14.692803064492441
46699 15.747356414794922
46714 15.747356414794922
46715 15.747356414794922
46729 67.51039484191143
46882 33.75519742095572
47109 31.494712829589844
47324 13.708869997324554
47565 72.35584963690772
47754 31.494712829589844
47762 31.494712829589844
47962 29.385606128984882
48375 31.494712829589844
49021 31.494712829589844
49029 72.35584963690772
49073 33.75519742095572
49272 31.494712829589844
49358 72.35584963690772
49839 15.747356414794922
50320 15.747356414794922
50552 13.708869997324554
50750 31.494712829589844
51041 15.747356414794922
51126 33.75519742095572
51235 67.51039484191143
51670 31.494712829589844
51689 15.747356414794922
51952 14.692803064492441
52140 14.692803064492441
52253 67.51039484191143
52590 72.35584963690772
52805 33.75519742095572
52996 67.51039484191143
53418 62.98942565917969
53424 31.494712829589844
53533 15.747356414794922
53612 15.747356414794922
53867 15.747356414794922
53915 31.494712829589844
54240 13.708869997324554
54258 15.747356414794922
54556 31.494712829589844
55198 33.75519742095572
55307 15.747356414794922
55505 15.747356414794922
55813 67.51039484191143
56013 31.494712829589844
56147 33.75519742095572
56200 31.494712829589844
56693 15.747356414794922
57478 14.692803064492441
57837 31.494712829589844
57856 72.35584963690772
58188 31.494712829589844
58220 33.75519742095572
58239 67.51039484191143
58298 27.417739994649107
58682 15.747356414794922
58960 29.385606128984882
59512 72.35584963690772
59671 72.35584963690772
59677 72.35584963690772
59930 31.494712829589844
60230 29.385606128984882
60243 33.75519742095572
60349 33.75519742095572
60384 29.385606128984882
60460 72.35584963690772
60482 31.494712829589844
60507 72.35584963690772
60579 33.75519742095572
60758 33.75519742095572
61110 62.98942565917969
61230 14.692803064492441
61455 15.747356414794922
62185 15.747356414794922
62618 67.51039484191143
62697 72.35584963690772
62703 72.35584963690772
62712 31.494712829589844
62768 72.35584963690772
62836 33.75519742095572
62965 72.35584963690772
63116 15.747356414794922
63365 14.692803064492441
63549 33.75519742095572
63613 31.494712829589844
63658 72.35584963690772
63767 15.747356414794922
63814 67.51039484191143
63870 33.75519742095572
63911 15.747356414794922
63919 15.747356414794922
64025 14.692803064492441
64216 33.75519742095572
64247 33.75519742095572
64391 33.75519742095572
64538 31.494712829589844
64555 72.35584963690772
64564 15.747356414794922
64569 15.747356414794922
64591 15.747356414794922
64717 72.35584963690772
64816 33.75519742095572
64951 67.51039484191143
65147 72.35584963690772
65246 155.09815900020797
65391 62.98942565917969
65449 62.98942565917969
65583 67.51039484191143
65800 67.51039484191143
65940 31.494712829589844
66022 15.747356414794922
66064 72.35584963690772
66204 67.51039484191143
66514 15.747356414794922
66726 67.51039484191143
66777 14.692803064492441
66857 72.35584963690772
67089 67.51039484191143
67185 15.747356414794922
67250 72.35584963690772
67272 72.35584963690772
67299 67.51039484191143
67319 33.75519742095572
67385 67.51039484191143
67418 62.98942565917969
67746 72.35584963690772
67799 15.747356414794922
67994 33.75519742095572
68192 135.02078968382287
68325 33.75519742095572
68404 67.51039484191143
68608 33.75519742095572
68655 31.494712829589844
68736 72.35584963690772
68873 72.35584963690772
68960 33.75519742095572
68983 31.494712829589844
69157 15.747356414794922
69385 72.35584963690772
69392 33.75519742095572
69422 33.75519742095572
69447 15.747356414794922
69522 67.51039484191143
69556 33.75519742095572
69610 72.35584963690772
69811 33.75519742095572
69852 15.747356414794922
69974 67.51039484191143
70051 72.35584963690772
70168 33.75519742095572
70212 67.51039484191143
70219 31.494712829589844
70368 15.747356414794922
70501 62.98942565917969
70679 144.71169927381544
70765 72.35584963690772
70929 67.51039484191143
70956 72.35584963690772
71066 155.09815900020797
71146 72.35584963690772
71361 15.747356414794922
71485 14.692803064492441
71559 144.71169927381544
71913 33.75519742095572
72481 14.692803064492441
72739 14.692803064492441
72813 72.35584963690772
72925 144.71169927381544
72984 67.51039484191143
73050 67.51039484191143
73056 31.494712829589844
73078 155.09815900020797
73139 62.98942565917969
73147 33.75519742095572
73158 31.494712829589844
73240 155.09815900020797
73283 67.51039484191143
73319 72.35584963690772
73552 155.09815900020797
73649 31.494712829589844
73708 155.09815900020797
73716 72.35584963690772
73868 15.747356414794922
74016 33.75519742095572
74081 72.35584963690772
74091 67.51039484191143
74212 31.494712829589844
74294 72.35584963690772
74427 33.75519742095572
74699 31.494712829589844
74850 144.71169927381544
74859 15.747356414794922
74890 29.385606128984882
74940 72.35584963690772
74966 33.75519742095572
74969 33.75519742095572
75144 31.494712829589844
75211 72.35584963690772
75220 67.51039484191143
75302 15.747356414794922
75306 72.35584963690772
75378 155.09815900020797
75425 15.747356414794922
75458 33.75519742095572
75528 135.02078968382287
75699 33.75519742095572
75738 72.35584963690772
75982 15.747356414794922
76028 29.385606128984882
76133 14.692803064492441
76171 31.494712829589844
76207 72.35584963690772
76221 33.75519742095572
76242 72.35584963690772
76703 72.35584963690772
76740 33.75519742095572
76884 72.35584963690772
76960 31.494712829589844
76996 13.708869997324554
77149 31.494712829589844
77377 67.51039484191143
77396 67.51039484191143
77409 67.51039484191143
77417 72.35584963690772
77485 31.494712829589844
77557 72.35584963690772
77809 31.494712829589844
77969 67.51039484191143
78022 33.75519742095572
78233 125.97885131835938
78276 67.51039484191143
78284 33.75519742095572
78380 14.692803064492441
78600 67.51039484191143
78621 29.385606128984882
78671 31.494712829589844
78673 72.35584963690772
78746 33.75519742095572
78773 29.385606128984882
78779 72.35584963690772
78784 67.51039484191143
78963 33.75519742095572
78994 72.35584963690772
79003 72.35584963690772
79189 33.75519742095572
79324 72.35584963690772
79464 72.35584963690772
79537 144.71169927381544
79588 31.494712829589844
79744 72.35584963690772
79747 72.35584963690772
79753 67.51039484191143
79794 62.98942565917969
79929 33.75519742095572
80019 33.75519742095572
80063 31.494712829589844
80411 33.75519742095572
80869 67.51039484191143
80889 15.747356414794922
81295 72.35584963690772
81383 67.51039484191143
81410 72.35584963690772
81477 31.494712829589844
81560 13.708869997324554
81631 29.385606128984882
81755 62.98942565917969
81805 72.35584963690772
81809 72.35584963690772
81884 33.75519742095572
82216 33.75519742095572
82409 15.747356414794922
82604 62.98942565917969
82820 31.494712829589844
82865 72.35584963690772
82916 15.747356414794922
83011 67.51039484191143
83018 155.09815900020797
83083 31.494712829589844
83096 67.51039484191143
83110 14.692803064492441
83125 31.494712829589844
83151 72.35584963690772
83199 33.75519742095572
83233 72.35584963690772
83329 72.35584963690772
83425 72.35584963690772
83445 62.98942565917969
83530 144.71169927381544
83562 72.35584963690772
83826 15.747356414794922
83833 67.51039484191143
83895 72.35584963690772
83907 33.75519742095572
83924 67.51039484191143
83980 72.35584963690772
84048 72.35584963690772
84277 14.692803064492441
84468 33.75519742095572
84533 155.09815900020797
84673 67.51039484191143
84746 31.494712829589844
84897 33.75519742095572
84954 33.75519742095572
85366 72.35584963690772
85388 72.35584963690772
85471 33.75519742095572
85522 33.75519742095572
85710 67.51039484191143
85801 67.51039484191143
85951 67.51039484191143
85995 15.747356414794922
86048 33.75519742095572
86156 15.747356414794922
86355 62.98942565917969
86467 33.75519742095572
86754 72.35584963690772
86842 33.75519742095572