8909 15.747356414794922
9454 15.747356414794922
10277 15.747356414794922
11536 15.747356414794922
12715 33.75519742095572
13046 14.692803064492441
13121 33.75519742095572
17897 15.747356414794922
17985 14.692803064492441
18628 29.385606128984882
20102 14.692803064492441
21470 29.385606128984882
21692 33.75519742095572
21776 15.747356414794922
22708 14.692803064492441
23005 15.747356414794922
23141 31.494712829589844
24561 14.692803064492441
25188 29.385606128984882
25905 15.747356414794922
26506 14.692803064492441
27843 15.747356414794922
28140 31.494712829589844
28176 33.75519742095572
28755 33.75519742095572
29574 33.75519742095572
30977 13.708869997324554
31103 31.494712829589844
31234 15.747356414794922
31897 15.747356414794922
32551 33.75519742095572
32859 14.692803064492441
32911 14.692803064492441
33829 33.75519742095572
34459 15.747356414794922
34985 67.51039484191143
36954 15.747356414794922
37142 13.708869997324554
37163 33.75519742095572
37800 14.692803064492441
37806 15.747356414794922
37877 14.692803064492441
39356 31.494712829589844
39559 31.494712829589844
39730 33.75519742095572
41053 15.747356414794922
41738 15.747356414794922
42347 29.385606128984882
42357 72.35584963690772
42515 15.747356414794922
42848 33.75519742095572
42975 15.747356414794922
43111 31.494712829589844
43233 14.692803064492441
43301 33.75519742095572
43314 31.494712829589844
43470 14.692803064492441
43590 14.692803064492441
43713 27.417739994649107
43727 14.692803064492441
44016 33.75519742095572
44111 15.747356414794922
44182 29.385606128984882
44324 31.494712829589844
44524 31.494712829589844
44722 33.75519742095572
45176 15.747356414794922
45295 15.747356414794922
46178 29.385606128984882
46563 33.75519742095572
46588 29.385606128984882
46787 33.75519742095572
47128 15.747356414794922
47137 15.747356414794922
47153 72.35584963690772
47202 72.35584963690772
47284 72.35584963690772
47460 29.385606128984882
47940 33.75519742095572
48011 33.75519742095572
48046 15.747356414794922
48316 33.75519742095572
48572 33.75519742095572
48816 33.75519742095572
49942 33.75519742095572
49967 15.747356414794922
50006 31.494712829589844
50083 15.747356414794922
50442 14.692803064492441
50849 31.494712829589844
51141 31.494712829589844
51171 31.494712829589844
51652 29.385606128984882
51842 33.75519742095572
51871 31.494712829589844
51874 31.494712829589844
51930 33.75519742095572
51966 33.75519742095572
52414 31.494712829589844
52784 14.692803064492441
52883 31.494712829589844
53385 33.75519742095572
53631 31.494712829589844
53653 14.692803064492441
53720 14.692803064492441
54241 14.692803064492441
54257 14.692803064492441
54325 13.708869997324554
54650 31.494712829589844
54860 33.75519742095572
55122 15.747356414794922
55303 31.494712829589844
55311 33.75519742095572
55861 33.75519742095572
55862 27.417739994649107
55863 27.417739994649107
56000 31.494712829589844
56136 31.494712829589844
56226 15.747356414794922
56258 33.75519742095572
56750 67.51039484191143
56795 33.75519742095572
57082 13.708869997324554
57121 29.385606128984882
57360 14.692803064492441
57580 29.385606128984882
57874 15.747356414794922
58189 33.75519742095572
58194 27.417739994649107
58322 33.75519742095572
58418 33.75519742095572
58473 33.75519742095572
58485 33.75519742095572
59546 14.692803064492441
59569 29.385606128984882
60219 33.75519742095572
60313 33.75519742095572
60418 33.75519742095572
60451 11.934264498324229
60827 31.494712829589844
60850 25.58165596838583
60879 33.75519742095572
60971 31.494712829589844
61003 31.494712829589844
61309 33.75519742095572
61336 33.75519742095572
61566 15.747356414794922
61976 31.494712829589844
62154 33.75519742095572
62212 72.35584963690772
62247 33.75519742095572
62340 15.747356414794922
62667 31.494712829589844
62724 62.98942565917969
62736 33.75519742095572
62754 33.75519742095572
62778 33.75519742095572
63027 33.75519742095572
63233 33.75519742095572
63313 14.692803064492441
63426 31.494712829589844
63433 14.692803064492441
63843 67.51039484191143
63928 31.494712829589844
63988 33.75519742095572
64483 31.494712829589844
64657 14.692803064492441
64741 33.75519742095572
64941 33.75519742095572
65157 29.385606128984882
65256 31.494712829589844
65742 33.75519742095572
65906 72.35584963690772
65945 67.51039484191143
65986 15.747356414794922
66175 31.494712829589844
66393 67.51039484191143
66643 33.75519742095572
66645 33.75519742095572
66646 33.75519742095572
66961 33.75519742095572
67371 31.494712829589844
67396 72.35584963690772
67534 14.692803064492441
67681 33.75519742095572
67910 33.75519742095572
67922 33.75519742095572
68159 31.494712829589844
68176 33.75519742095572
68215 15.747356414794922
68268 14.692803064492441
68277 33.75519742095572
68576 62.98942565917969
68991 67.51039484191143
69171 29.385606128984882
69186 33.75519742095572
69281 31.494712829589844
69775 72.35584963690772
69981 72.35584963690772
70237 31.494712829589844
70751 33.75519742095572
70759 33.75519742095572
70893 72.35584963690772
70914 31.494712829589844
70918 33.75519742095572
70994 31.494712829589844
71061 33.75519742095572
71086 31.494712829589844
71127 72.35584963690772
71157 14.692803064492441
71279 29.385606128984882
71452 15.747356414794922
71559 15.747356414794922
71627 15.747356414794922
71652 15.747356414794922
71677 33.75519742095572
71963 14.692803064492441
71980 33.75519742095572
72067 14.692803064492441
72164 31.494712829589844
72271 33.75519742095572
72290 31.494712829589844
72428 13.708869997324554
72983 62.98942565917969
73077 67.51039484191143
73179 72.35584963690772
73243 33.75519742095572
73314 14.692803064492441
73377 72.35584963690772
73441 27.417739994649107
73576 33.75519742095572
73938 33.75519742095572
74029 29.385606128984882
74114 27.417739994649107
74191 72.35584963690772
74473 15.747356414794922
74516 33.75519742095572
74595 31.494712829589844
74606 33.75519742095572
74833 33.75519742095572
74837 33.75519742095572
74907 31.494712829589844
74948 14.692803064492441
75009 27.417739994649107
75056 15.747356414794922
75066 72.35584963690772
75092 33.75519742095572
75153 15.747356414794922
75220 33.75519742095572
75254 33.75519742095572
75293 29.385606128984882
75394 15.747356414794922
75463 72.35584963690772
75470 33.75519742095572
75649 31.494712829589844
75759 15.747356414794922
75956 29.385606128984882
76203 15.747356414794922
76207 31.494712829589844
76389 62.98942565917969
76429 31.494712829589844
76434 31.494712829589844
76818 27.417739994649107
76858 33.75519742095572
76996 33.75519742095572
77008 27.417739994649107
77111 33.75519742095572
77248 31.494712829589844
77285 67.51039484191143
77290 12.790827984192916
77303 15.747356414794922
77315 13.708869997324554
77373 15.747356414794922
77402 144.71169927381544
77413 33.75519742095572
77449 33.75519742095572
77596 33.75519742095572
77604 33.75519742095572
77690 67.51039484191143
77805 33.75519742095572
77831 33.75519742095572
77911 33.75519742095572
77934 33.75519742095572
78126 14.692803064492441
78201 33.75519742095572
78207 72.35584963690772
78234 29.385606128984882
78270 31.494712829589844
78373 31.494712829589844
78407 29.385606128984882
78469 15.747356414794922
78570 33.75519742095572
78578 67.51039484191143
78660 72.35584963690772
78669 72.35584963690772
78924 14.692803064492441
79023 31.494712829589844
79154 31.494712829589844
79222 29.385606128984882
79238 31.494712829589844
79341 31.494712829589844
79346 33.75519742095572
79372 33.75519742095572
79785 29.385606128984882
79841 67.51039484191143
79850 33.75519742095572
80024 33.75519742095572
80076 31.494712829589844
80100 14.692803064492441
80127 31.494712829589844
80257 29.385606128984882
80277 33.75519742095572
80289 15.747356414794922
80440 31.494712829589844
80512 15.747356414794922
80542 62.98942565917969
80731 13.708869997324554
80899 67.51039484191143
80966 31.494712829589844
81243 14.692803064492441
81253 15.747356414794922
81297 31.494712829589844
81300 33.75519742095572
81319 15.747356414794922
81340 33.75519742095572
81342 33.75519742095572
81448 33.75519742095572
81483 72.35584963690772
81527 33.75519742095572
81656 33.75519742095572
81808 15.747356414794922
81811 15.747356414794922
81833 12.790827984192916
81958 13.708869997324554
81990 67.51039484191143
82023 29.385606128984882
82146 31.494712829589844
82184 15.747356414794922
82303 15.747356414794922
82516 33.75519742095572
82615 33.75519742095572
82710 67.51039484191143
82944 33.75519742095572
82958 29.385606128984882
82959 29.385606128984882
83059 72.35584963690772
83139 13.708869997324554
83183 67.51039484191143
83213 27.417739994649107
83307 29.385606128984882
83308 29.385606128984882
83393 31.494712829589844
83713 29.385606128984882
83813 72.35584963690772
83933 33.75519742095572
83949 67.51039484191143
84090 72.35584963690772
84195 33.75519742095572
84201 31.494712829589844
84332 15.747356414794922
84358 33.75519742095572
84420 29.385606128984882
84497 31.494712829589844
84539 72.35584963690772
84564 31.494712829589844
84574 72.35584963690772
85049 33.75519742095572
85061 13.708869997324554
85235 33.75519742095572
85313 33.75519742095572
85317 67.51039484191143
85355 67.51039484191143
85368 27.417739994649107
85524 31.494712829589844
85792 33.75519742095572
85864 33.75519742095572
85966 29.385606128984882
86002 15.747356414794922
86095 15.747356414794922
86124 72.35584963690772
86130 14.692803064492441
86243 31.494712829589844
86525 15.747356414794922
86660 14.692803064492441
86683 31.494712829589844
86763 72.35584963690772
86927 14.692803064492441
86982 33.75519742095572
86995 33.75519742095572
87115 31.494712829589844
87200 33.75519742095572
87254 33.75519742095572
87321 144.71169927381544
87412 72.35584963690772
87435 25.58165596838583
87494 33.75519742095572
87502 15.747356414794922
87550 67.51039484191143
87813 33.75519742095572
88008 31.494712829589844