6457 14.692803064492441
7049 15.747356414794922
8152 14.692803064492441
11206 15.747356414794922
12318 14.692803064492441
13030 31.494712829589844
13883 31.494712829589844
14847 14.692803064492441
15025 15.747356414794922
15518 13.708869997324554
15901 15.747356414794922
18099 15.747356414794922
18216 29.385606128984882
18705 15.747356414794922
19288 33.75519742095572
20210 14.692803064492441
21076 33.75519742095572
22583 15.747356414794922
22661 14.692803064492441
22676 14.692803064492441
23752 14.692803064492441
24000 33.75519742095572
25299 31.494712829589844
25819 31.494712829589844
25898 13.708869997324554
26255 15.747356414794922
26514 33.75519742095572
27160 14.692803064492441
28004 14.692803064492441
28222 14.692803064492441
28400 14.692803064492441
28435 33.75519742095572
28490 27.417739994649107
29287 31.494712829589844
29538 15.747356414794922
29540 31.494712829589844
31285 29.385606128984882
31494 14.692803064492441
31801 15.747356414794922
32287 14.692803064492441
32362 31.494712829589844
32380 29.385606128984882
33047 33.75519742095572
34116 29.385606128984882
34144 13.708869997324554
34667 67.51039484191143
34829 15.747356414794922
35537 29.385606128984882
35545 31.494712829589844
35681 15.747356414794922
35902 33.75519742095572
36011 13.708869997324554
36102 33.75519742095572
36163 31.494712829589844
36920 13.708869997324554
36949 15.747356414794922
36963 31.494712829589844
37889 15.747356414794922
38051 31.494712829589844
38276 33.75519742095572
38640 33.75519742095572
38663 12.790827984192916
38930 31.494712829589844
39223 33.75519742095572
40011 31.494712829589844
40110 15.747356414794922
40976 31.494712829589844
41729 14.692803064492441
42116 14.692803064492441
42144 15.747356414794922
42428 31.494712829589844
42477 14.692803064492441
42657 62.98942565917969
43061 29.385606128984882
43288 33.75519742095572
43371 15.747356414794922
43456 15.747356414794922
44029 14.692803064492441
44830 31.494712829589844
44856 31.494712829589844
44860 14.692803064492441
44891 33.75519742095572
45201 15.747356414794922
45349 33.75519742095572
45847 31.494712829589844
45999 31.494712829589844
46241 31.494712829589844
46357 31.494712829589844
46552 62.98942565917969
46811 29.385606128984882
46870 67.51039484191143
47191 67.51039484191143
47407 31.494712829589844
47478 31.494712829589844
47644 33.75519742095572
47722 14.692803064492441
47837 67.51039484191143
48233 33.75519742095572
48341 31.494712829589844
48486 33.75519742095572
48512 25.58165596838583
48605 14.692803064492441
48994 15.747356414794922
49252 33.75519742095572
49378 33.75519742095572
49719 33.75519742095572
49787 29.385606128984882
49918 33.75519742095572
50139 31.494712829589844
50504 14.692803064492441
50834 31.494712829589844
51552 33.75519742095572
51702 31.494712829589844
52044 29.385606128984882
52051 27.417739994649107
52209 67.51039484191143
52227 33.75519742095572
52560 13.708869997324554
52662 33.75519742095572
52772 31.494712829589844
53013 13.708869997324554
53105 31.494712829589844
53189 15.747356414794922
53280 62.98942565917969
53343 31.494712829589844
53523 15.747356414794922
53715 33.75519742095572
53798 72.35584963690772
53968 31.494712829589844
54014 31.494712829589844
54276 33.75519742095572
54335 29.385606128984882
54666 29.385606128984882
54814 14.692803064492441
54865 15.747356414794922
55111 31.494712829589844
55425 31.494712829589844
55473 33.75519742095572
55553 33.75519742095572
55896 31.494712829589844
56022 31.494712829589844
56518 29.385606128984882
56753 33.75519742095572
57366 31.494712829589844
57593 14.692803064492441
57596 31.494712829589844
58024 31.494712829589844
58208 29.385606128984882
58254 29.385606128984882
58271 67.51039484191143
58479 14.692803064492441
58752 67.51039484191143
58780 15.747356414794922
58973 31.494712829589844
59155 29.385606128984882
59178 33.75519742095572
59295 27.417739994649107
59495 31.494712829589844
59716 31.494712829589844
60034 33.75519742095572
60162 31.494712829589844
60168 33.75519742095572
60778 15.747356414794922
60779 15.747356414794922
60900 31.494712829589844
60948 67.51039484191143
61260 14.692803064492441
61373 67.51039484191143
61424 15.747356414794922
61446 72.35584963690772
61452 67.51039484191143
61542 31.494712829589844
61558 62.98942565917969
61778 72.35584963690772
61904 67.51039484191143
62145 67.51039484191143
62160 33.75519742095572
62559 72.35584963690772
62669 31.494712829589844
62734 33.75519742095572
62769 15.747356414794922
62930 31.494712829589844
62963 15.747356414794922
63518 67.51039484191143
63686 33.75519742095572
63846 33.75519742095572
63949 67.51039484191143
64057 67.51039484191143
64186 33.75519742095572
64239 13.708869997324554
64299 33.75519742095572
64389 33.75519742095572
64445 62.98942565917969
64529 29.385606128984882
64760 29.385606128984882
64966 67.51039484191143
64972 29.385606128984882
65039 13.708869997324554
65121 67.51039484191143
65142 31.494712829589844
65164 33.75519742095572
65501 31.494712829589844
65502 31.494712829589844
65555 15.747356414794922
65594 13.708869997324554
65610 72.35584963690772
66222 67.51039484191143
66237 33.75519742095572
66327 67.51039484191143
66463 29.385606128984882
66693 15.747356414794922
66741 27.417739994649107
66768 29.385606128984882
66842 29.385606128984882
66888 29.385606128984882
67108 15.747356414794922
67142 14.692803064492441
67312 27.417739994649107
67325 33.75519742095572
67328 14.692803064492441
67330 14.692803064492441
67351 29.385606128984882
67459 12.790827984192916
67470 33.75519742095572
67672 31.494712829589844
67855 31.494712829589844
68215 72.35584963690772
68219 31.494712829589844
68226 31.494712829589844
68235 33.75519742095572
68288 33.75519742095572
68331 13.708869997324554
68440 31.494712829589844
68937 67.51039484191143
69112 67.51039484191143
69121 13.708869997324554
69132 27.417739994649107
69153 33.75519742095572
69269 31.494712829589844
69387 72.35584963690772
69801 33.75519742095572
69918 14.692803064492441
69975 67.51039484191143
70184 33.75519742095572
70232 31.494712829589844
70319 33.75519742095572
70348 31.494712829589844
70505 67.51039484191143
70529 67.51039484191143
70711 31.494712829589844
70867 155.09815900020797
70942 14.692803064492441
71051 29.385606128984882
71848 155.09815900020797
71889 33.75519742095572
72203 72.35584963690772
72238 72.35584963690772
72298 27.417739994649107
72343 31.494712829589844
72426 31.494712829589844
72491 29.385606128984882
72719 62.98942565917969
72830 72.35584963690772
72837 72.35584963690772
72874 72.35584963690772
73024 31.494712829589844
73067 33.75519742095572
73084 14.692803064492441
73518 33.75519742095572
74024 33.75519742095572
74417 144.71169927381544
74512 31.494712829589844
74531 15.747356414794922
74715 31.494712829589844
74735 14.692803064492441
75077 27.417739994649107
75112 72.35584963690772
75234 31.494712829589844
75321 15.747356414794922
75459 31.494712829589844
75730 31.494712829589844
75844 31.494712829589844
76039 67.51039484191143
76063 15.747356414794922
76124 31.494712829589844
76157 14.692803064492441
76172 72.35584963690772
76584 31.494712829589844
76760 31.494712829589844
76782 67.51039484191143
76789 31.494712829589844
77081 31.494712829589844
77137 31.494712829589844
77150 72.35584963690772
77329 29.385606128984882
77377 67.51039484191143
77402 72.35584963690772
77558 33.75519742095572
77703 31.494712829589844
77713 72.35584963690772
78004 155.09815900020797
78005 155.09815900020797
78068 72.35584963690772
78086 29.385606128984882
78152 67.51039484191143
78323 14.692803064492441
78397 14.692803064492441
78474 33.75519742095572
78495 33.75519742095572
78578 33.75519742095572
78699 67.51039484191143
78736 14.692803064492441
78758 62.98942565917969
78891 31.494712829589844
78959 29.385606128984882
79089 33.75519742095572
79244 62.98942565917969
79278 33.75519742095572
79404 67.51039484191143
79409 31.494712829589844
79519 33.75519742095572
79800 72.35584963690772
80062 31.494712829589844
80107 72.35584963690772
80221 14.692803064492441
80485 31.494712829589844
80533 29.385606128984882
80544 29.385606128984882
80587 67.51039484191143
80685 67.51039484191143
81075 72.35584963690772
81121 31.494712829589844
81136 31.494712829589844
81195 33.75519742095572
81294 31.494712829589844
81323 67.51039484191143
81387 33.75519742095572
81388 67.51039484191143
81627 72.35584963690772
81760 33.75519742095572
81771 31.494712829589844
81815 33.75519742095572
82042 31.494712829589844
82391 72.35584963690772
82440 29.385606128984882
82465 29.385606128984882
82484 67.51039484191143
82720 33.75519742095572
82733 67.51039484191143
82764 67.51039484191143
82882 67.51039484191143
82968 33.75519742095572
83001 33.75519742095572
83002 29.385606128984882
83215 12.790827984192916
83296 33.75519742095572
83387 13.708869997324554
83406 15.747356414794922
83616 67.51039484191143
83717 15.747356414794922
83740 72.35584963690772
83907 33.75519742095572
84093 31.494712829589844
84148 33.75519742095572
84321 67.51039484191143
84369 31.494712829589844
84370 155.09815900020797
84632 62.98942565917969
84670 31.494712829589844
84765 58.771212257969765
84820 33.75519742095572
85230 67.51039484191143
85280 27.417739994649107
85391 33.75519742095572
85432 67.51039484191143
85655 33.75519742095572
85756 67.51039484191143
85799 67.51039484191143
85815 67.51039484191143
85857 58.771212257969765
85897 67.51039484191143
86004 13.708869997324554
86022 29.385606128984882
86089 72.35584963690772
86123 29.385606128984882
86164 67.51039484191143
86368 67.51039484191143
86524 62.98942565917969
86622 135.02078968382287
86661 67.51039484191143
86884 14.692803064492441
87150 33.75519742095572
87159 31.494712829589844
87221 33.75519742095572
87278 33.75519742095572
87356 33.75519742095572
87473 33.75519742095572
87548 33.75519742095572
87600 144.71169927381544
87703 31.494712829589844