5619 15.747356414794922
10152 14.692803064492441
11581 14.692803064492441
13903 15.747356414794922
15658 15.747356414794922
17955 14.692803064492441
18635 14.692803064492441
18974 14.692803064492441
20477 14.692803064492441
21379 14.692803064492441
21787 29.385606128984882
22252 15.747356414794922
22947 29.385606128984882
24120 31.494712829589844
24484 31.494712829589844
25228 14.692803064492441
25235 15.747356414794922
25413 31.494712829589844
27751 13.708869997324554
28188 31.494712829589844
28212 15.747356414794922
28356 15.747356414794922
28778 15.747356414794922
29145 33.75519742095572
29478 33.75519742095572
29558 31.494712829589844
30151 14.692803064492441
30418 15.747356414794922
31587 33.75519742095572
32854 31.494712829589844
33578 29.385606128984882
33627 29.385606128984882
34357 13.708869997324554
34728 33.75519742095572
35017 15.747356414794922
35224 14.692803064492441
35293 33.75519742095572
35459 33.75519742095572
36248 33.75519742095572
36436 29.385606128984882
37107 33.75519742095572
37214 33.75519742095572
37272 31.494712829589844
38390 31.494712829589844
38755 67.51039484191143
38929 31.494712829589844
39243 31.494712829589844
39314 33.75519742095572
40041 33.75519742095572
40423 14.692803064492441
40715 29.385606128984882
40772 72.35584963690772
41124 14.692803064492441
41457 31.494712829589844
41499 31.494712829589844
41538 14.692803064492441
41634 15.747356414794922
42571 33.75519742095572
43236 14.692803064492441
43692 15.747356414794922
43841 31.494712829589844
43917 33.75519742095572
43974 14.692803064492441
45032 31.494712829589844
45074 62.98942565917969
45210 31.494712829589844
45610 33.75519742095572
45735 33.75519742095572
45797 29.385606128984882
45919 31.494712829589844
46161 13.708869997324554
46239 33.75519742095572
46725 14.692803064492441
47816 14.692803064492441
47961 31.494712829589844
48435 14.692803064492441
48583 31.494712829589844
48672 14.692803064492441
48853 29.385606128984882
48878 33.75519742095572
48882 33.75519742095572
49074 33.75519742095572
49207 33.75519742095572
49359 31.494712829589844
49669 31.494712829589844
49900 29.385606128984882
50364 31.494712829589844
50670 33.75519742095572
50900 29.385606128984882
51089 15.747356414794922
51777 31.494712829589844
51877 72.35584963690772
51887 33.75519742095572
52120 15.747356414794922
52328 13.708869997324554
52471 33.75519742095572
52508 33.75519742095572
52818 31.494712829589844
53681 31.494712829589844
53906 29.385606128984882
54099 33.75519742095572
54104 14.692803064492441
54166 13.708869997324554
54417 33.75519742095572
54711 31.494712829589844
54865 31.494712829589844
55157 31.494712829589844
55331 33.75519742095572
55456 67.51039484191143
55552 15.747356414794922
55578 62.98942565917969
55804 31.494712829589844
55890 15.747356414794922
56005 31.494712829589844
56138 31.494712829589844
56397 29.385606128984882
56520 33.75519742095572
56555 13.708869997324554
56605 31.494712829589844
56763 33.75519742095572
56846 33.75519742095572
56925 33.75519742095572
57075 33.75519742095572
57080 29.385606128984882
57204 33.75519742095572
57212 29.385606128984882
57272 33.75519742095572
57370 33.75519742095572
57717 31.494712829589844
57775 15.747356414794922
57808 33.75519742095572
57844 33.75519742095572
57853 31.494712829589844
57858 62.98942565917969
57863 31.494712829589844
58085 33.75519742095572
58094 29.385606128984882
58110 33.75519742095572
58180 31.494712829589844
58388 33.75519742095572
58468 14.692803064492441
58855 29.385606128984882
58889 31.494712829589844
58908 14.692803064492441
58998 31.494712829589844
59225 31.494712829589844
59243 33.75519742095572
59254 15.747356414794922
59400 31.494712829589844
59431 12.790827984192916
59470 31.494712829589844
59521 33.75519742095572
59891 31.494712829589844
60086 31.494712829589844
60302 14.692803064492441
60387 31.494712829589844
60739 29.385606128984882
60785 31.494712829589844
60824 31.494712829589844
60926 72.35584963690772
61029 31.494712829589844
61363 33.75519742095572
61590 14.692803064492441
61687 33.75519742095572
61887 72.35584963690772
62296 31.494712829589844
62405 29.385606128984882
62674 15.747356414794922
62752 29.385606128984882
63007 31.494712829589844
63292 31.494712829589844
63560 31.494712829589844
63640 33.75519742095572
63725 33.75519742095572
63793 31.494712829589844
64052 29.385606128984882
64271 31.494712829589844
64426 13.708869997324554
64475 33.75519742095572
64653 31.494712829589844
64753 31.494712829589844
64817 31.494712829589844
64903 33.75519742095572
65108 15.747356414794922
65249 67.51039484191143
65334 33.75519742095572
65340 31.494712829589844
65415 31.494712829589844
65598 33.75519742095572
65886 31.494712829589844
65965 29.385606128984882
66206 31.494712829589844
66241 27.417739994649107
66257 15.747356414794922
66859 62.98942565917969
66928 33.75519742095572
67392 33.75519742095572
67639 27.417739994649107
67685 31.494712829589844
67702 62.98942565917969
67775 31.494712829589844
67782 33.75519742095572
67944 72.35584963690772
67976 33.75519742095572
68120 15.747356414794922
68157 33.75519742095572
68260 33.75519742095572
68277 14.692803064492441
68349 31.494712829589844
68426 33.75519742095572
68563 31.494712829589844
69258 33.75519742095572
69274 31.494712829589844
69406 31.494712829589844
69432 33.75519742095572
69486 33.75519742095572
69625 33.75519742095572
69636 67.51039484191143
69714 27.417739994649107
69760 29.385606128984882
69827 33.75519742095572
69867 33.75519742095572
69999 31.494712829589844
70107 33.75519742095572
70255 31.494712829589844
70422 31.494712829589844
70662 31.494712829589844
70866 29.385606128984882
71083 144.71169927381544
71154 29.385606128984882
71171 31.494712829589844
71287 27.417739994649107
71417 33.75519742095572
71436 33.75519742095572
71449 31.494712829589844
71564 62.98942565917969
72061 29.385606128984882
72164 33.75519742095572
72594 72.35584963690772
72612 72.35584963690772
72745 33.75519742095572
72929 72.35584963690772
73055 14.692803064492441
73169 33.75519742095572
73196 33.75519742095572
73205 33.75519742095572
73325 31.494712829589844
73346 67.51039484191143
73479 29.385606128984882
73511 14.692803064492441
73615 33.75519742095572
73654 29.385606128984882
73856 72.35584963690772
73912 72.35584963690772
73919 31.494712829589844
73958 33.75519742095572
74285 27.417739994649107
74376 33.75519742095572
74555 33.75519742095572
74655 33.75519742095572
74690 33.75519742095572
74769 72.35584963690772
74865 31.494712829589844
74944 31.494712829589844
75090 31.494712829589844
75153 135.02078968382287
75528 67.51039484191143
75533 14.692803064492441
75552 31.494712829589844
75598 31.494712829589844
75618 72.35584963690772
75673 67.51039484191143
75980 31.494712829589844
76012 33.75519742095572
76173 31.494712829589844
76424 31.494712829589844
76532 15.747356414794922
76667 31.494712829589844
76709 14.692803064492441
76755 31.494712829589844
76849 67.51039484191143
76860 33.75519742095572
76970 29.385606128984882
77285 31.494712829589844
77383 29.385606128984882
77387 33.75519742095572
77391 33.75519742095572
77398 14.692803064492441
77580 33.75519742095572
77716 33.75519742095572
78012 29.385606128984882
78115 33.75519742095572
78348 31.494712829589844
78426 31.494712829589844
78446 15.747356414794922
78558 33.75519742095572
78619 33.75519742095572
78643 31.494712829589844
78737 31.494712829589844
78740 33.75519742095572
78809 31.494712829589844
78971 33.75519742095572
79023 33.75519742095572
79140 33.75519742095572
79467 33.75519742095572
79497 33.75519742095572
79667 14.692803064492441
79758 31.494712829589844
79851 58.771212257969765
79898 33.75519742095572
80052 31.494712829589844
80180 15.747356414794922
80187 31.494712829589844
80396 15.747356414794922
80425 31.494712829589844
80456 27.417739994649107
80475 31.494712829589844
80534 67.51039484191143
80569 33.75519742095572
80571 31.494712829589844
80681 33.75519742095572
80684 14.692803064492441
80757 29.385606128984882
80812 31.494712829589844
81187 31.494712829589844
81269 31.494712829589844
81282 29.385606128984882
81402 31.494712829589844
81516 33.75519742095572
81547 33.75519742095572
81685 31.494712829589844
81916 33.75519742095572
81921 67.51039484191143
81946 29.385606128984882
82146 31.494712829589844
82198 67.51039484191143
82271 33.75519742095572
82287 31.494712829589844
82466 31.494712829589844
82494 15.747356414794922
82495 15.747356414794922
82592 14.692803064492441
82594 33.75519742095572
82759 31.494712829589844
83003 31.494712829589844
83054 33.75519742095572
83055 33.75519742095572
83109 33.75519742095572
83142 31.494712829589844
83215 29.385606128984882
83291 31.494712829589844
83455 14.692803064492441
83568 67.51039484191143
83683 31.494712829589844
83708 67.51039484191143
83777 67.51039484191143
83898 31.494712829589844
84091 15.747356414794922
84234 33.75519742095572
84272 33.75519742095572
84322 33.75519742095572
84398 33.75519742095572
84542 29.385606128984882
84547 33.75519742095572
84570 14.692803064492441
84610 31.494712829589844
84793 14.692803064492441
84892 14.692803064492441
84928 31.494712829589844
84993 31.494712829589844
85006 31.494712829589844
85034 135.02078968382287
85064 31.494712829589844
85120 31.494712829589844
85138 31.494712829589844
85302 67.51039484191143
85311 33.75519742095572
85374 33.75519742095572
85501 33.75519742095572
85613 31.494712829589844
85706 33.75519742095572
85778 33.75519742095572
85879 33.75519742095572
85954 33.75519742095572
86071 14.692803064492441
86148 33.75519742095572
86177 33.75519742095572
86252 33.75519742095572
86368 33.75519742095572
86422 33.75519742095572
86499 13.708869997324554
86502 33.75519742095572
86610 31.494712829589844
86625 67.51039484191143
86642 29.385606128984882
86808 13.708869997324554
86911 31.494712829589844
87232 67.51039484191143
87248 14.692803064492441
87361 12.790827984192916