3927 15.747356414794922
6231 15.747356414794922
6534 14.692803064492441
8748 31.494712829589844
9603 15.747356414794922
10202 14.692803064492441
10587 13.708869997324554
13502 15.747356414794922
14514 14.692803064492441
14631 15.747356414794922
14888 14.692803064492441
15448 31.494712829589844
15502 13.708869997324554
16243 14.692803064492441
18837 13.708869997324554
19166 13.708869997324554
19661 29.385606128984882
20308 27.417739994649107
22613 31.494712829589844
22980 15.747356414794922
23062 12.790827984192916
24621 31.494712829589844
24752 14.692803064492441
24929 15.747356414794922
25259 25.58165596838583
25604 67.51039484191143
27203 31.494712829589844
27915 14.692803064492441
28517 31.494712829589844
28845 14.692803064492441
29388 29.385606128984882
30738 14.692803064492441
31490 14.692803064492441
31619 25.58165596838583
32577 29.385606128984882
32884 31.494712829589844
32888 31.494712829589844
33465 27.417739994649107
33739 29.385606128984882
34881 67.51039484191143
35137 14.692803064492441
35234 14.692803064492441
35652 15.747356414794922
35921 29.385606128984882
36571 15.747356414794922
36619 31.494712829589844
36975 33.75519742095572
37693 31.494712829589844
37795 13.708869997324554
37943 29.385606128984882
38177 15.747356414794922
38385 15.747356414794922
38468 15.747356414794922
38769 31.494712829589844
39992 25.58165596838583
40222 62.98942565917969
40272 29.385606128984882
40306 29.385606128984882
40359 29.385606128984882
40408 29.385606128984882
40571 13.708869997324554
40782 67.51039484191143
40800 67.51039484191143
41012 25.58165596838583
41075 13.708869997324554
41208 14.692803064492441
42119 33.75519742095572
42216 13.708869997324554
42411 13.708869997324554
42434 29.385606128984882
42586 31.494712829589844
42849 31.494712829589844
43406 31.494712829589844
43674 15.747356414794922
44115 29.385606128984882
44188 12.790827984192916
44437 29.385606128984882
44615 31.494712829589844
45113 15.747356414794922
45282 33.75519742095572
45622 31.494712829589844
46171 12.790827984192916
46498 31.494712829589844
46629 29.385606128984882
46728 25.58165596838583
46762 15.747356414794922
46978 29.385606128984882
47739 15.747356414794922
47885 29.385606128984882
48057 29.385606128984882
48294 31.494712829589844
48500 29.385606128984882
49116 67.51039484191143
49213 14.692803064492441
49657 14.692803064492441
49996 62.98942565917969
50032 29.385606128984882
50132 14.692803064492441
50442 67.51039484191143
50702 29.385606128984882
50709 27.417739994649107
50761 14.692803064492441
51316 67.51039484191143
52314 67.51039484191143
52507 33.75519742095572
52772 62.98942565917969
52910 14.692803064492441
53078 31.494712829589844
53125 31.494712829589844
53177 62.98942565917969
53565 27.417739994649107
54136 29.385606128984882
54149 27.417739994649107
54253 144.71169927381544
54897 31.494712829589844
55159 58.771212257969765
55291 67.51039484191143
55641 29.385606128984882
55838 33.75519742095572
56171 67.51039484191143
56877 67.51039484191143
56945 29.385606128984882
56978 13.708869997324554
57091 14.692803064492441
57551 31.494712829589844
57778 29.385606128984882
57969 29.385606128984882
57983 15.747356414794922
58079 29.385606128984882
58124 14.692803064492441
58308 31.494712829589844
58316 31.494712829589844
58334 31.494712829589844
58507 31.494712829589844
58532 67.51039484191143
58636 27.417739994649107
58977 67.51039484191143
59067 14.692803064492441
59184 67.51039484191143
59303 135.02078968382287
59325 51.16331193677166
59635 310.19631800041594
59828 27.417739994649107
59872 13.708869997324554
59906 29.385606128984882
60155 33.75519742095572
60284 31.494712829589844
60424 25.58165596838583
60476 58.771212257969765
60646 62.98942565917969
60742 31.494712829589844
60771 67.51039484191143
60852 144.71169927381544
60889 27.417739994649107
60944 31.494712829589844
60978 289.4233985476309
61030 29.385606128984882
61121 29.385606128984882
61229 62.98942565917969
61349 29.385606128984882
61528 33.75519742095572
61606 125.97885131835938
61856 14.692803064492441
62120 67.51039484191143
62238 31.494712829589844
62528 29.385606128984882
62578 62.98942565917969
62861 27.417739994649107
63021 67.51039484191143
63111 67.51039484191143
63133 62.98942565917969
63166 27.417739994649107
63197 15.747356414794922
63437 144.71169927381544
63486 31.494712829589844
63694 15.747356414794922
63903 67.51039484191143
64110 62.98942565917969
64277 62.98942565917969
64441 29.385606128984882
64454 15.747356414794922
64481 67.51039484191143
64588 67.51039484191143
64656 58.771212257969765
65135 67.51039484191143
65159 144.71169927381544
65240 67.51039484191143
65632 135.02078968382287
65802 15.747356414794922
65921 31.494712829589844
66200 31.494712829589844
66246 125.97885131835938
66383 67.51039484191143
66462 72.35584963690772
66464 12.790827984192916
66478 29.385606128984882
66800 67.51039484191143
66836 58.771212257969765
67076 14.692803064492441
67247 67.51039484191143
67276 67.51039484191143
67325 27.417739994649107
67376 289.4233985476309
67405 33.75519742095572
67837 135.02078968382287
67873 29.385606128984882
67953 51.16331193677166
68497 310.19631800041594
68535 67.51039484191143
68591 67.51039484191143
68819 15.747356414794922
68878 67.51039484191143
69029 31.494712829589844
69081 289.4233985476309
69124 31.494712829589844
69282 67.51039484191143
69286 125.97885131835938
69327 62.98942565917969
69717 144.71169927381544
69725 135.02078968382287
69886 31.494712829589844
69997 62.98942565917969
70067 27.417739994649107
70074 310.19631800041594
70198 62.98942565917969
70203 310.19631800041594
70298 67.51039484191143
70431 29.385606128984882
70514 67.51039484191143
70521 31.494712829589844
70697 27.417739994649107
70718 310.19631800041594
70932 135.02078968382287
71008 289.4233985476309
71049 67.51039484191143
71058 67.51039484191143
71076 31.494712829589844
71119 29.385606128984882
71138 62.98942565917969
71177 289.4233985476309
71188 135.02078968382287
71299 29.385606128984882
71317 67.51039484191143
71421 67.51039484191143
71479 29.385606128984882
71665 31.494712829589844
71688 14.692803064492441
71846 67.51039484191143
71897 67.51039484191143
72071 289.4233985476309
72086 27.417739994649114
72336 310.19631800041594
72367 31.494712829589844
72407 14.692803064492441
72685 25.58165596838583
72804 289.4233985476309
72993 31.494712829589844
73230 310.19631800041594
73237 289.4233985476309
73610 62.98942565917969
73621 144.71169927381544
73973 144.71169927381544
74070 27.417739994649107
74282 29.385606128984882
74303 62.98942565917969
74582 67.51039484191143
74633 62.98942565917969
74850 144.71169927381544
74976 29.385606128984882
75131 62.98942565917969
75189 14.692803064492441
75193 31.494712829589844
75225 125.97885131835938
75299 29.385606128984882
75436 62.98942565917969
75477 270.04157936764574
75496 67.51039484191143
75605 310.19631800041594
75607 31.494712829589844
75987 62.98942565917969
76044 67.51039484191143
76120 67.51039484191143
76128 62.98942565917969
76158 67.51039484191143
76218 15.747356414794922
76357 29.385606128984882
76360 135.02078968382287
76389 29.385606128984882
76464 310.19631800041594
76546 29.385606128984882
76551 29.385606128984882
76700 27.417739994649107
76716 62.98942565917969
76841 125.97885131835938
76892 310.19631800041594
76977 67.51039484191143
77020 135.02078968382287
77174 29.385606128984882
77290 31.494712829589844
77404 62.98942565917969
77434 62.98942565917969
77603 31.494712829589844
77694 289.4233985476309
77858 33.75519742095572
77997 310.19631800041594
78329 14.692803064492441
78385 67.51039484191143
78410 31.494712829589844
78470 29.385606128984882
78544 31.494712829589844
78545 31.494712829589844
78740 67.51039484191143
78946 27.417739994649107
79000 67.51039484191143
79014 29.385606128984882
79242 144.71169927381544
79511 67.51039484191143
79542 67.51039484191143
79545 62.98942565917969
79549 29.385606128984882
79793 67.51039484191143
79881 29.385606128984882
79948 29.385606128984882
79957 144.71169927381544
80100 135.02078968382287
80101 135.02078968382287
80280 58.771212257969765
80392 67.51039484191143
80415 144.71169927381544
80497 27.417739994649107
80530 144.71169927381544
80603 31.494712829589844
80623 15.747356414794922
80937 29.385606128984882
81033 144.71169927381544
81134 58.771212257969765
81149 31.494712829589844
81215 58.771212257969765
81227 15.747356414794922
81347 144.71169927381544
81364 31.494712829589844
81369 310.19631800041594
81452 62.98942565917969
81528 31.494712829589844
81606 31.494712829589844
81646 664.9203636186297
81680 62.98942565917969
81754 15.747356414794922
81826 31.494712829589844
81899 29.385606128984882
81962 67.51039484191143
82058 29.385606128984882
82094 62.98942565917969
82284 62.98942565917969
82369 31.494712829589844
82416 27.417739994649107
82474 14.692803064492441
82489 67.51039484191143
82555 31.494712829589844
82683 144.71169927381544
82818 29.385606128984882
82873 144.71169927381544
83213 31.494712829589844
83473 62.98942565917969
83487 29.385606128984882
83571 58.771212257969765
83629 62.98942565917969
83636 31.494712829589844
83684 289.4233985476309
83732 67.51039484191143
83849 14.692803064492441
83851 62.98942565917969
84018 135.02078968382287
84156 72.35584963690772
84192 31.494712829589844
84198 31.494712829589844
84242 29.385606128984882
84411 67.51039484191143
84565 135.02078968382287
84584 62.98942565917969
84753 31.494712829589844
84858 135.02078968382287
84897 13.708869997324554
84949 29.385606128984882
85054 15.747356414794922
85170 62.98942565917969
85280 31.494712829589844
85420 62.98942565917969
85826 31.494712829589844
85920 144.71169927381544
86029 29.385606128984882
86033 135.02078968382287
86069 33.75519742095572
86091 67.51039484191143
86198 144.71169927381544
86283 62.98942565917969
86349 62.98942565917969
86371 31.494712829589844
86419 33.75519742095572
86557 62.98942565917969