6830 14.692803064492441
7830 14.692803064492441
12153 14.692803064492441
15840 29.385606128984882
16652 12.790827984192916
18937 29.385606128984882
19165 13.708869997324554
20794 31.494712829589844
20878 29.385606128984882
21538 13.708869997324554
21540 27.417739994649107
21944 13.708869997324554
22110 14.692803064492441
22315 31.494712829589844
22478 14.692803064492441
24107 13.708869997324554
24454 14.692803064492441
25633 31.494712829589844
25734 29.385606128984882
27489 13.708869997324554
27897 13.708869997324554
27905 31.494712829589844
28627 31.494712829589844
28979 31.494712829589844
29339 13.708869997324554
29548 31.494712829589844
29674 31.494712829589844
30983 14.692803064492441
31157 27.417739994649107
32512 14.692803064492441
32793 31.494712829589844
33595 29.385606128984882
33692 13.708869997324554
33823 27.417739994649107
34034 31.494712829589844
34841 31.494712829589844
35812 29.385606128984882
35882 13.708869997324554
36366 29.385606128984882
36738 31.494712829589844
36826 31.494712829589844
36949 14.692803064492441
37545 12.790827984192916
37610 31.494712829589844
37758 27.417739994649107
37957 13.708869997324554
38916 29.385606128984882
39068 31.494712829589844
39372 13.708869997324554
39587 14.692803064492441
39686 27.417739994649107
39714 29.385606128984882
39744 29.385606128984882
39960 31.494712829589844
40028 27.417739994649107
40151 13.708869997324554
40293 14.692803064492441
40603 31.494712829589844
40928 13.708869997324554
41438 14.692803064492441
41576 13.708869997324554
41795 31.494712829589844
42027 31.494712829589844
42079 29.385606128984882
42492 31.494712829589844
43083 31.494712829589844
43749 29.385606128984882
44075 14.692803064492441
44530 27.417739994649107
44695 29.385606128984882
44817 27.417739994649107
44871 27.417739994649107
45021 29.385606128984882
45701 29.385606128984882
45997 13.708869997324554
46248 13.708869997324554
46300 29.385606128984882
46348 27.417739994649107
47219 29.385606128984882
47325 31.494712829589844
47688 31.494712829589844
47919 67.51039484191143
48215 14.692803064492441
48480 14.692803064492441
48744 13.708869997324554
48837 31.494712829589844
49391 23.868528996648458
49426 12.790827984192916
49577 31.494712829589844
49654 31.494712829589844
50460 31.494712829589844
50658 67.51039484191143
50915 31.494712829589844
50919 62.98942565917969
51111 14.692803064492441
51269 29.385606128984882
51321 31.494712829589844
51356 29.385606128984882
51382 25.58165596838583
51782 29.385606128984882
51856 31.494712829589844
52131 29.385606128984882
52391 27.417739994649107
52569 12.790827984192916
52641 29.385606128984882
52846 29.385606128984882
53102 67.51039484191143
53127 29.385606128984882
53262 25.58165596838583
53305 27.417739994649107
53332 31.494712829589844
53383 27.417739994649107
53577 29.385606128984882
53845 27.417739994649107
53922 31.494712829589844
53948 29.385606128984882
54044 14.692803064492441
54342 27.417739994649114
54344 29.385606128984882
54355 29.385606128984882
54404 12.790827984192916
54671 29.385606128984882
54685 31.494712829589844
54925 31.494712829589844
55308 27.417739994649107
55724 31.494712829589844
56196 31.494712829589844
56359 29.385606128984882
56377 31.494712829589844
56609 12.790827984192916
56868 27.417739994649107
56908 62.98942565917969
57366 27.417739994649107
57703 31.494712829589844
57996 27.417739994649107
58698 31.494712829589844
59041 62.98942565917969
59126 14.692803064492441
59132 31.494712829589844
59157 31.494712829589844
59217 31.494712829589844
59230 31.494712829589844
59259 29.385606128984882
59389 29.385606128984882
59545 31.494712829589844
59640 31.494712829589844
59934 25.58165596838583
59983 29.385606128984882
60095 31.494712829589844
60312 29.385606128984882
60812 54.835479989298214
60904 29.385606128984882
60955 31.494712829589844
61137 29.385606128984882
61318 27.417739994649107
61380 31.494712829589844
61547 67.51039484191143
61750 13.708869997324554
61772 31.494712829589844
61912 29.385606128984882
62227 29.385606128984882
62484 14.692803064492441
62496 31.494712829589844
62589 29.385606128984882
62607 58.771212257969765
62623 29.385606128984882
63007 31.494712829589844
63237 14.692803064492441
63242 31.494712829589844
63289 67.51039484191143
63330 27.417739994649107
63371 27.417739994649107
63399 31.494712829589844
63443 14.692803064492441
63744 27.417739994649107
63832 31.494712829589844
63886 29.385606128984882
63939 29.385606128984882
64346 58.771212257969765
64416 29.385606128984882
64450 31.494712829589844
64598 29.385606128984882
64643 27.417739994649107
64731 31.494712829589844
64739 31.494712829589844
64853 31.494712829589844
65042 13.708869997324554
65065 13.708869997324554
65091 29.385606128984882
65569 31.494712829589844
65593 31.494712829589844
65754 29.385606128984882
65878 67.51039484191143
65932 29.385606128984882
66105 29.385606128984882
66149 27.417739994649107
66193 29.385606128984882
66430 67.51039484191143
66442 14.692803064492441
66486 29.385606128984882
66489 31.494712829589844
66490 29.385606128984882
66624 31.494712829589844
66684 62.98942565917969
66807 27.417739994649107
66950 13.708869997324554
67312 29.385606128984882
67334 25.58165596838583
67656 31.494712829589844
67842 12.790827984192916
67967 29.385606128984882
68226 58.771212257969765
68372 31.494712829589844
68381 62.98942565917969
68558 31.494712829589844
68813 27.417739994649107
68947 31.494712829589844
68973 12.790827984192916
68988 31.494712829589844
69011 31.494712829589844
69144 31.494712829589844
69169 14.692803064492441
69346 23.868528996648458
69692 29.385606128984882
69714 27.417739994649107
69804 31.494712829589844
69847 13.708869997324554
69938 27.417739994649107
70177 29.385606128984882
70232 31.494712829589844
70315 29.385606128984882
70375 62.98942565917969
70506 31.494712829589844
70553 29.385606128984882
70802 12.790827984192916
70808 62.98942565917969
70844 67.51039484191143
71073 31.494712829589844
71300 31.494712829589844
71317 31.494712829589844
71392 31.494712829589844
71469 29.385606128984882
71590 67.51039484191143
71609 29.385606128984882
71713 31.494712829589844
71891 31.494712829589844
71957 125.97885131835938
72208 62.98942565917969
72346 13.708869997324554
72444 31.494712829589844
72498 29.385606128984882
72571 31.494712829589844
72626 31.494712829589844
72779 31.494712829589844
72865 29.385606128984882
72942 29.385606128984882
73010 31.494712829589844
73121 13.708869997324554
73220 29.385606128984882
73258 62.98942565917969
73336 62.98942565917969
73386 62.98942565917969
73629 31.494712829589844
73675 58.771212257969765
73776 62.98942565917969
73872 31.494712829589844
73876 29.385606128984882
73970 67.51039484191143
74049 31.494712829589844
74304 29.385606128984882
74383 62.98942565917969
74526 29.385606128984882
74841 14.692803064492441
74966 62.98942565917969
75000 31.494712829589844
75103 29.385606128984882
75287 31.494712829589844
75370 29.385606128984882
75391 27.417739994649107
75414 29.385606128984882
75611 13.708869997324554
75623 67.51039484191143
75802 27.417739994649114
75888 62.98942565917969
75977 31.494712829589844
76110 31.494712829589844
76225 29.385606128984882
76479 31.494712829589844
76741 31.494712829589844
76758 31.494712829589844
76945 29.385606128984882
77283 31.494712829589844
77384 31.494712829589844
77405 31.494712829589844
77503 29.385606128984882
77523 31.494712829589844
77568 31.494712829589844
77605 29.385606128984882
77613 14.692803064492441
77716 31.494712829589844
77718 31.494712829589844
77767 29.385606128984882
77810 11.934264498324229
77812 29.385606128984882
77831 31.494712829589844
77934 58.771212257969765
77977 29.385606128984882
77980 13.708869997324554
77988 31.494712829589844
78070 27.417739994649107
78209 29.385606128984882
78367 62.98942565917969
78384 62.98942565917969
78570 29.385606128984882
78629 13.708869997324554
78771 31.494712829589844
78817 14.692803064492441
78981 27.417739994649107
79174 31.494712829589844
79187 13.708869997324554
79192 27.417739994649107
79231 31.494712829589844
79361 29.385606128984882
79727 29.385606128984882
79743 62.98942565917969
79897 31.494712829589844
80064 31.494712829589844
80102 62.98942565917969
80201 125.97885131835938
80253 31.494712829589844
80346 62.98942565917969
80354 29.385606128984882
80510 29.385606128984882
80593 31.494712829589844
80887 31.494712829589844
80888 12.790827984192916
81021 31.494712829589844
81049 29.385606128984882
81128 31.494712829589844
81153 31.494712829589844
81158 29.385606128984882
81162 14.692803064492441
81196 31.494712829589844
81228 62.98942565917969
81444 31.494712829589844
81487 31.494712829589844
81677 29.385606128984882
81795 31.494712829589844
81864 29.385606128984882
82094 27.417739994649107
82352 31.494712829589844
82400 29.385606128984882
82803 58.771212257969765
83088 31.494712829589844
83390 27.417739994649107
83452 31.494712829589844
83482 31.494712829589844
83640 31.494712829589844
83687 29.385606128984882
83702 29.385606128984882
83817 13.708869997324554
83967 54.835479989298214
83989 29.385606128984882
84025 13.708869997324554
84042 31.494712829589844
84111 29.385606128984882
84199 31.494712829589844
84309 29.385606128984882
84351 29.385606128984882
84542 25.58165596838583
84602 14.692803064492441
84671 31.494712829589844
84724 29.385606128984882
84736 67.51039484191143
84835 67.51039484191143
85019 29.385606128984882
85067 27.417739994649107
85112 29.385606128984882
85203 29.385606128984882
85403 29.385606128984882
85508 31.494712829589844
85613 29.385606128984882
85647 27.417739994649107
85787 23.868528996648458
85868 29.385606128984882
85958 31.494712829589844
86038 29.385606128984882
86274 12.790827984192916
86352 29.385606128984882
86666 29.385606128984882
86835 54.835479989298214
86964 62.98942565917969
87029 31.494712829589844
87072 29.385606128984882
87139 62.98942565917969
87383 27.417739994649107
87545 29.385606128984882
87549 31.494712829589844
87614 29.385606128984882
87704 31.494712829589844