3628 13.708869997324554
7997 15.747356414794922
9317 15.747356414794922
12530 14.692803064492441
13485 14.692803064492441
13688 33.75519742095572
14136 67.51039484191143
14599 15.747356414794922
15344 15.747356414794922
17693 13.708869997324554
19432 13.708869997324554
19639 14.692803064492441
20284 29.385606128984882
20393 33.75519742095572
20983 15.747356414794922
22762 13.708869997324554
23863 31.494712829589844
24592 14.692803064492441
25302 15.747356414794922
25318 27.417739994649107
25752 13.708869997324554
25886 15.747356414794922
26145 11.934264498324229
26479 31.494712829589844
27520 12.790827984192916
27672 14.692803064492441
27889 14.692803064492441
28309 33.75519742095572
28972 15.747356414794922
29703 15.747356414794922
30180 15.747356414794922
30952 15.747356414794922
32309 15.747356414794922
32502 72.35584963690772
32800 14.692803064492441
32903 33.75519742095572
32965 33.75519742095572
33126 12.790827984192916
33527 29.385606128984882
33644 33.75519742095572
33758 29.385606128984882
34108 13.708869997324554
34643 13.708869997324554
34707 29.385606128984882
35612 14.692803064492441
35930 33.75519742095572
36297 15.747356414794922
37376 14.692803064492441
37555 31.494712829589844
38170 29.385606128984882
39097 29.385606128984882
39186 33.75519742095572
39650 33.75519742095572
40284 29.385606128984882
40557 15.747356414794922
40644 14.692803064492441
40775 11.934264498324229
41321 33.75519742095572
42123 67.51039484191143
42546 33.75519742095572
42864 29.385606128984882
42888 13.708869997324554
44486 67.51039484191143
44526 29.385606128984882
44942 33.75519742095572
44993 29.385606128984882
45330 31.494712829589844
45339 29.385606128984882
45401 15.747356414794922
45444 33.75519742095572
45701 27.417739994649107
46176 31.494712829589844
46187 31.494712829589844
46236 29.385606128984882
46352 33.75519742095572
46603 33.75519742095572
46734 33.75519742095572
47093 72.35584963690772
47504 15.747356414794922
47780 72.35584963690772
48213 67.51039484191143
48233 72.35584963690772
48380 67.51039484191143
48488 27.417739994649107
48820 72.35584963690772
49080 14.692803064492441
49343 27.417739994649107
49346 33.75519742095572
49618 62.98942565917969
50017 54.835479989298214
50232 72.35584963690772
50751 15.747356414794922
50787 15.747356414794922
50893 27.417739994649107
51071 67.51039484191143
51082 31.494712829589844
51411 51.16331193677166
51495 33.75519742095572
51808 15.747356414794922
51813 33.75519742095572
51866 33.75519742095572
52676 31.494712829589844
52788 72.35584963690772
52885 29.385606128984882
53242 67.51039484191143
53504 14.692803064492441
53549 33.75519742095572
53818 67.51039484191143
54204 155.09815900020797
54330 15.747356414794922
54396 72.35584963690772
54399 31.494712829589844
54520 14.692803064492441
54947 15.747356414794922
55006 58.771212257969765
55045 31.494712829589844
55080 15.747356414794922
55313 67.51039484191143
55354 13.708869997324554
55390 67.51039484191143
55501 15.747356414794922
55950 62.98942565917969
55960 15.747356414794922
56561 31.494712829589844
56599 13.708869997324554
56615 72.35584963690772
56888 33.75519742095572
57086 29.385606128984882
57228 33.75519742095572
58201 33.75519742095572
58229 15.747356414794922
58233 33.75519742095572
58258 31.494712829589844
58478 67.51039484191143
58507 144.71169927381544
58572 31.494712829589844
58596 33.75519742095572
58799 27.417739994649107
58964 31.494712829589844
59060 62.98942565917969
59132 29.385606128984882
59339 15.747356414794922
59887 33.75519742095572
60160 67.51039484191143
60226 72.35584963690772
60378 33.75519742095572
60553 29.385606128984882
60558 27.417739994649107
60652 67.51039484191143
60783 62.98942565917969
60786 14.692803064492441
61026 72.35584963690772
61423 33.75519742095572
61528 33.75519742095572
61659 58.771212257969765
61755 67.51039484191143
61899 15.747356414794922
61951 62.98942565917969
61960 72.35584963690772
62116 72.35584963690772
62187 29.385606128984882
62249 14.692803064492441
62255 15.747356414794922
62777 67.51039484191143
62901 27.417739994649107
62950 62.98942565917969
63037 72.35584963690772
63190 29.385606128984882
63194 155.09815900020797
63254 72.35584963690772
63448 31.494712829589844
63518 62.98942565917969
63781 29.385606128984882
63848 14.692803064492441
64115 33.75519742095572
64228 15.747356414794922
64242 33.75519742095572
64283 31.494712829589844
64288 67.51039484191143
64362 15.747356414794922
64386 33.75519742095572
64387 33.75519742095572
64478 72.35584963690772
64581 67.51039484191143
64649 13.708869997324554
64754 72.35584963690772
64878 72.35584963690772
64903 67.51039484191143
65053 62.98942565917969
65059 31.494712829589844
65287 14.692803064492441
65595 15.747356414794922
65689 67.51039484191143
65967 15.747356414794922
65993 14.692803064492441
65994 67.51039484191143
66265 13.708869997324554
66372 54.835479989298214
66430 62.98942565917969
66457 14.692803064492441
66517 29.385606128984882
66525 33.75519742095572
66647 62.98942565917969
66783 33.75519742095572
66880 67.51039484191143
67026 31.494712829589844
67051 31.494712829589844
67060 58.771212257969765
67199 72.35584963690772
67223 15.747356414794922
67355 33.75519742095572
67415 67.51039484191143
67490 33.75519742095572
67505 135.02078968382287
67898 155.09815900020797
67985 15.747356414794922
68014 29.385606128984882
68100 72.35584963690772
68178 27.417739994649107
68328 72.35584963690772
68379 31.494712829589844
68458 62.98942565917969
68555 33.75519742095572
68583 155.09815900020797
68602 31.494712829589844
68625 72.35584963690772
68698 29.385606128984882
68699 29.385606128984882
68706 62.98942565917969
68751 62.98942565917969
68774 62.98942565917969
68946 62.98942565917969
69069 67.51039484191143
69132 31.494712829589844
69236 15.747356414794922
69266 67.51039484191143
69342 29.385606128984882
69429 67.51039484191143
69529 54.835479989298214
69920 72.35584963690772
70015 33.75519742095572
70019 13.708869997324554
70043 62.98942565917969
70081 72.35584963690772
70164 67.51039484191143
70263 31.494712829589844
70817 62.98942565917969
70985 67.51039484191143
71056 33.75519742095572
71137 67.51039484191143
71140 144.71169927381544
71154 31.494712829589844
71417 33.75519742095572
71419 29.385606128984882
71779 62.98942565917969
72322 62.98942565917969
72698 62.98942565917969
72728 155.09815900020797
72882 62.98942565917969
72979 67.51039484191143
73270 155.09815900020797
73397 33.75519742095572
73464 67.51039484191143
73518 67.51039484191143
73584 62.98942565917969
73586 62.98942565917969
73604 67.51039484191143
73839 62.98942565917969
73963 155.09815900020797
73971 31.494712829589844
74022 67.51039484191143
74068 33.75519742095572
74075 67.51039484191143
74249 27.417739994649107
74385 33.75519742095572
74402 62.98942565917969
74520 62.98942565917969
74546 67.51039484191143
74821 67.51039484191143
75012 62.98942565917969
75025 67.51039484191143
75156 15.747356414794922
75181 67.51039484191143
75299 67.51039484191143
75343 33.75519742095572
75380 29.385606128984882
75575 67.51039484191143
75659 67.51039484191143
75761 144.71169927381544
75801 67.51039484191143
75914 62.98942565917969
76055 12.790827984192916
76060 29.385606128984882
76160 72.35584963690772
76304 125.97885131835938
76358 31.494712829589844
76672 67.51039484191143
76750 29.385606128984882
76926 67.51039484191143
76946 31.494712829589844
77117 67.51039484191143
77195 62.98942565917969
77198 33.75519742095572
77253 67.51039484191143
77280 33.75519742095572
77434 33.75519742095572
77482 67.51039484191143
77496 67.51039484191143
77503 67.51039484191143
77533 33.75519742095572
77632 14.692803064492441
77787 67.51039484191143
77848 62.98942565917969
78010 67.51039484191143
78064 33.75519742095572
78173 29.385606128984882
78246 33.75519742095572
78391 72.35584963690772
78439 31.494712829589844
79071 72.35584963690772
79184 14.692803064492441
79205 67.51039484191143
79319 27.417739994649107
79330 62.98942565917969
79332 31.494712829589844
79338 62.98942565917969
79607 13.708869997324554
79618 62.98942565917969
79910 155.09815900020797
79948 67.51039484191143
80109 13.708869997324554
80118 67.51039484191143
80175 27.417739994649107
80186 67.51039484191143
80355 67.51039484191143
80379 72.35584963690772
80391 14.692803064492441
80460 67.51039484191143
80509 31.494712829589844
80746 27.417739994649107
80856 33.75519742095572
80897 62.98942565917969
81019 58.771212257969765
81145 33.75519742095572
81517 67.51039484191143
81645 62.98942565917969
81695 67.51039484191143
81728 29.385606128984882
81889 144.71169927381544
81896 135.02078968382287
81957 33.75519742095572
81975 29.385606128984882
82019 62.98942565917969
82201 155.09815900020797
82223 14.692803064492441
82488 58.771212257969765
82635 67.51039484191143
82779 14.692803064492441
82897 67.51039484191143
83114 62.98942565917969
83232 15.747356414794922
83354 67.51039484191143
83416 62.98942565917969
83488 72.35584963690772
83553 58.771212257969765
83847 62.98942565917969
83954 155.09815900020797
84088 13.708869997324554
84134 125.97885131835938
84140 15.747356414794922
84254 31.494712829589844
84267 67.51039484191143
84287 29.385606128984882
84390 155.09815900020797
84531 58.771212257969765
84599 72.35584963690772
84604 54.835479989298214
84686 62.98942565917969
84713 72.35584963690772
84760 31.494712829589844
84950 67.51039484191143
85002 67.51039484191143
85159 33.75519742095572
85372 67.51039484191143
85536 62.98942565917969
85787 67.51039484191143
85799 67.51039484191143
85815 31.494712829589844
85852 67.51039484191143
85906 54.835479989298214
85965 54.835479989298214
86306 67.51039484191143
86352 144.71169927381544
86354 51.16331193677166
86367 29.385606128984882
86483 31.494712829589844
86539 33.75519742095572
86547 29.385606128984882
86671 54.835479989298214
86711 62.98942565917969