6586 31.494712829589844
9710 33.75519742095572
10027 27.417739994649107
10805 31.494712829589844
12907 31.494712829589844
13090 31.494712829589844
14300 31.494712829589844
16032 29.385606128984882
18795 27.417739994649107
20244 29.385606128984882
20361 29.385606128984882
20495 31.494712829589844
21007 29.385606128984882
21155 31.494712829589844
22016 31.494712829589844
22329 31.494712829589844
22530 31.494712829589844
23835 31.494712829589844
24705 31.494712829589844
24814 31.494712829589844
24995 31.494712829589844
25069 29.385606128984882
25237 29.385606128984882
25525 31.494712829589844
26793 29.385606128984882
27318 29.385606128984882
28289 31.494712829589844
28378 67.51039484191143
28891 29.385606128984882
29223 27.417739994649107
29705 29.385606128984882
29743 27.417739994649107
31073 31.494712829589844
31180 31.494712829589844
31432 31.494712829589844
32539 27.417739994649107
33342 27.417739994649107
34516 31.494712829589844
34861 31.494712829589844
35195 31.494712829589844
35297 29.385606128984882
35411 29.385606128984882
35420 62.98942565917969
35505 31.494712829589844
35683 33.75519742095572
35825 31.494712829589844
36106 31.494712829589844
36211 31.494712829589844
36389 29.385606128984882
36556 31.494712829589844
37014 31.494712829589844
38091 31.494712829589844
38102 29.385606128984882
38163 29.385606128984882
38784 31.494712829589844
39081 31.494712829589844
39913 31.494712829589844
40064 25.58165596838583
40379 31.494712829589844
40575 31.494712829589844
40874 31.494712829589844
41008 29.385606128984882
41183 29.385606128984882
41771 31.494712829589844
42145 31.494712829589844
42290 29.385606128984882
42340 31.494712829589844
42765 31.494712829589844
43809 72.35584963690772
44092 29.385606128984882
44276 29.385606128984882
44764 29.385606128984882
45118 29.385606128984882
46085 31.494712829589844
46151 31.494712829589844
46593 33.75519742095572
47104 27.417739994649107
47431 31.494712829589844
47924 29.385606128984882
48151 31.494712829589844
48183 31.494712829589844
48191 31.494712829589844
48344 29.385606128984882
48484 29.385606128984882
48543 62.98942565917969
48751 31.494712829589844
49076 31.494712829589844
49254 31.494712829589844
49690 29.385606128984882
49735 33.75519742095572
49858 31.494712829589844
50041 31.494712829589844
50098 33.75519742095572
50103 29.385606128984882
50138 27.417739994649107
50171 67.51039484191143
50236 31.494712829589844
50792 29.385606128984882
50843 29.385606128984882
50903 27.417739994649107
51256 31.494712829589844
51259 29.385606128984882
51530 27.417739994649107
52468 31.494712829589844
52762 31.494712829589844
53094 31.494712829589844
53124 67.51039484191143
53133 31.494712829589844
53142 29.385606128984882
53144 27.417739994649107
53295 31.494712829589844
53478 31.494712829589844
53734 29.385606128984882
54082 31.494712829589844
54144 31.494712829589844
54151 62.98942565917969
54472 72.35584963690772
54526 29.385606128984882
54651 67.51039484191143
54749 29.385606128984882
54894 29.385606128984882
55080 29.385606128984882
55567 29.385606128984882
56072 31.494712829589844
56126 72.35584963690772
56181 31.494712829589844
56243 29.385606128984882
56376 29.385606128984882
56451 27.417739994649107
56631 67.51039484191143
56662 31.494712829589844
56916 31.494712829589844
57034 29.385606128984882
57190 31.494712829589844
57214 144.71169927381544
57417 31.494712829589844
57470 29.385606128984882
57644 67.51039484191143
57712 31.494712829589844
57855 29.385606128984882
58107 29.385606128984882
58342 29.385606128984882
58661 29.385606128984882
58889 62.98942565917969
58957 33.75519742095572
59407 31.494712829589844
59445 29.385606128984882
59564 31.494712829589844
59737 29.385606128984882
59778 62.98942565917969
59990 31.494712829589844
60016 31.494712829589844
60046 67.51039484191143
60276 29.385606128984882
60422 31.494712829589844
60736 31.494712829589844
60825 27.417739994649107
60924 31.494712829589844
61097 72.35584963690772
61114 31.494712829589844
61319 62.98942565917969
61447 31.494712829589844
61674 62.98942565917969
61803 31.494712829589844
61849 62.98942565917969
62209 155.09815900020797
62298 31.494712829589844
62332 31.494712829589844
62430 31.494712829589844
62463 67.51039484191143
62672 31.494712829589844
62682 29.385606128984882
62739 62.98942565917969
62942 31.494712829589844
63018 31.494712829589844
63185 27.417739994649107
63289 31.494712829589844
63295 29.385606128984882
63300 62.98942565917969
63363 25.58165596838583
63507 29.385606128984882
63699 33.75519742095572
63723 31.494712829589844
63743 31.494712829589844
63975 29.385606128984882
64022 29.385606128984882
64062 31.494712829589844
64144 27.417739994649107
64153 31.494712829589844
64336 31.494712829589844
64352 31.494712829589844
64798 31.494712829589844
64934 31.494712829589844
65036 31.494712829589844
65091 31.494712829589844
65092 72.35584963690772
65217 67.51039484191143
65225 67.51039484191143
65279 31.494712829589844
65335 155.09815900020797
65590 31.494712829589844
65631 31.494712829589844
65654 29.385606128984882
65711 62.98942565917969
65807 31.494712829589844
65858 67.51039484191143
65875 31.494712829589844
65912 29.385606128984882
66013 67.51039484191143
66119 31.494712829589844
66139 31.494712829589844
66142 27.417739994649107
66473 62.98942565917969
66559 25.58165596838583
66603 29.385606128984882
66700 67.51039484191143
66770 29.385606128984882
66790 67.51039484191143
66842 29.385606128984882
66897 67.51039484191143
66955 29.385606128984882
66964 29.385606128984882
67635 31.494712829589844
67737 67.51039484191143
67985 29.385606128984882
68108 31.494712829589844
68250 31.494712829589844
68261 27.417739994649107
68269 31.494712829589844
68400 29.385606128984882
68411 67.51039484191143
68458 31.494712829589844
68514 29.385606128984882
68647 72.35584963690772
68671 31.494712829589844
68757 31.494712829589844
69065 31.494712829589844
69155 67.51039484191143
69177 29.385606128984882
69300 27.417739994649107
69516 27.417739994649107
69580 29.385606128984882
69609 29.385606128984882
69620 29.385606128984882
69764 31.494712829589844
69875 67.51039484191143
70275 31.494712829589844
70304 29.385606128984882
70327 29.385606128984882
70478 67.51039484191143
70517 67.51039484191143
70528 33.75519742095572
70539 31.494712829589844
70619 31.494712829589844
70837 29.385606128984882
70854 27.417739994649107
71058 58.771212257969765
71065 144.71169927381544
71305 29.385606128984882
71306 29.385606128984882
71407 62.98942565917969
71633 29.385606128984882
71789 31.494712829589844
71937 62.98942565917969
72104 29.385606128984882
72169 58.771212257969765
72185 67.51039484191143
72351 62.98942565917969
72642 67.51039484191143
73177 29.385606128984882
73338 29.385606128984882
73449 27.417739994649107
73583 72.35584963690772
73866 58.771212257969765
74037 25.58165596838583
74160 31.494712829589844
74343 67.51039484191143
74650 29.385606128984882
74714 31.494712829589844
74907 67.51039484191143
75096 29.385606128984882
75443 29.385606128984882
75468 144.71169927381544
75576 62.98942565917969
75620 29.385606128984882
75707 25.58165596838583
75747 62.98942565917969
75757 25.58165596838583
75891 29.385606128984882
76293 135.02078968382287
76560 67.51039484191143
76591 72.35584963690772
76599 27.417739994649107
76767 27.417739994649107
76884 29.385606128984882
76965 62.98942565917969
77016 31.494712829589844
77053 25.58165596838583
77111 62.98942565917969
77339 31.494712829589844
77405 29.385606128984882
77456 29.385606128984882
77479 62.98942565917969
77526 31.494712829589844
77575 27.417739994649107
77610 67.51039484191143
77711 62.98942565917969
77720 29.385606128984882
77748 67.51039484191143
77938 29.385606128984882
78195 67.51039484191143
78218 29.385606128984882
78282 29.385606128984882
78340 67.51039484191143
78442 62.98942565917969
78657 62.98942565917969
78765 31.494712829589844
78777 67.51039484191143
78782 31.494712829589844
79013 31.494712829589844
79075 58.771212257969765
79204 29.385606128984882
79245 29.385606128984882
79276 33.75519742095572
79365 31.494712829589844
79373 33.75519742095572
79447 31.494712829589844
79739 31.494712829589844
79887 67.51039484191143
79950 27.417739994649107
79980 29.385606128984882
80002 62.98942565917969
80015 31.494712829589844
80121 67.51039484191143
80231 72.35584963690772
80429 31.494712829589844
80462 58.771212257969765
80686 62.98942565917969
80797 72.35584963690772
80855 29.385606128984882
81059 31.494712829589844
81138 27.417739994649107
81141 62.98942565917969
81190 31.494712829589844
81250 27.417739994649107
81300 31.494712829589844
81437 31.494712829589844
81439 31.494712829589844
81461 67.51039484191143
81581 67.51039484191143
81631 27.417739994649107
81679 62.98942565917969
81877 29.385606128984882
81884 31.494712829589844
82012 67.51039484191143
82159 27.417739994649107
82228 62.98942565917969
82326 31.494712829589844
82330 29.385606128984882
82336 31.494712829589844
82507 62.98942565917969
82564 29.385606128984882
82622 31.494712829589844
82683 67.51039484191143
82778 29.385606128984882
83087 29.385606128984882
83098 29.385606128984882
83184 25.58165596838583
83303 27.417739994649107
83311 31.494712829589844
83312 67.51039484191143
83530 72.35584963690772
83567 62.98942565917969
83653 31.494712829589844
83705 31.494712829589844
83761 31.494712829589844
83978 31.494712829589844
84091 58.771212257969765
84127 31.494712829589844
84175 67.51039484191143
84367 54.835479989298214
84443 67.51039484191143
84519 62.98942565917969
84525 67.51039484191143
84532 31.494712829589844
84555 29.385606128984882
84621 67.51039484191143
84701 29.385606128984882
84724 29.385606128984882
85000 31.494712829589844
85062 31.494712829589844
85317 62.98942565917969
85512 31.494712829589844
85604 29.385606128984882
85764 29.385606128984882
85771 144.71169927381544
85902 29.385606128984882
86037 72.35584963690772
86121 31.494712829589844
86131 31.494712829589844