5650 15.747356414794922
7644 12.790827984192916
9926 14.692803064492441
10122 13.708869997324554
10419 14.692803064492441
11058 12.790827984192916
11636 15.747356414794922
12187 14.692803064492441
12362 33.75519742095572
12934 14.692803064492441
15398 15.747356414794922
16552 13.708869997324554
19502 62.98942565917969
19600 14.692803064492441
20273 12.790827984192916
21065 31.494712829589844
22704 13.708869997324554
23665 67.51039484191143
24078 12.790827984192916
24589 14.692803064492441
24673 14.692803064492441
25943 13.708869997324554
26211 13.708869997324554
26446 13.708869997324554
26471 29.385606128984882
26607 13.708869997324554
27714 13.708869997324554
28147 67.51039484191143
28652 62.98942565917969
29038 62.98942565917969
30190 15.747356414794922
31962 67.51039484191143
33379 67.51039484191143
34039 62.98942565917969
34301 67.51039484191143
34902 14.692803064492441
35517 33.75519742095572
36348 29.385606128984882
36437 14.692803064492441
36889 29.385606128984882
38101 31.494712829589844
38163 13.708869997324554
38816 13.708869997324554
38861 310.19631800041594
39166 13.708869997324554
39421 62.98942565917969
39489 58.771212257969765
39769 62.98942565917969
40022 29.385606128984882
40098 67.51039484191143
40204 27.417739994649107
40509 14.692803064492441
40582 62.98942565917969
40697 54.835479989298214
41056 67.51039484191143
41697 67.51039484191143
42646 62.98942565917969
42976 67.51039484191143
43025 67.51039484191143
43548 62.98942565917969
43586 31.494712829589844
43988 67.51039484191143
44234 12.790827984192916
44977 13.708869997324554
45347 13.708869997324554
45615 67.51039484191143
45702 67.51039484191143
45857 67.51039484191143
45962 62.98942565917969
46085 125.97885131835938
46166 15.747356414794922
46168 67.51039484191143
46476 67.51039484191143
46482 62.98942565917969
46847 14.692803064492441
46900 135.02078968382287
46970 62.98942565917969
47075 58.771212257969765
47636 13.708869997324554
47707 62.98942565917969
47812 67.51039484191143
48482 125.97885131835938
48486 67.51039484191143
49638 67.51039484191143
49861 14.692803064492441
50252 62.98942565917969
50515 62.98942565917969
50839 62.98942565917969
51203 31.494712829589844
51280 14.692803064492441
51562 13.708869997324554
52396 289.4233985476309
52523 15.747356414794922
52949 62.98942565917969
53002 67.51039484191143
53531 62.98942565917969
53821 62.98942565917969
53937 62.98942565917969
53966 62.98942565917969
53984 62.98942565917969
54061 29.385606128984882
54062 31.494712829589844
54112 62.98942565917969
54190 13.708869997324554
54369 67.51039484191143
54443 135.02078968382287
54511 31.494712829589844
54535 67.51039484191143
54575 67.51039484191143
55069 58.771212257969765
55070 62.98942565917969
55363 289.4233985476309
55404 67.51039484191143
55702 31.494712829589844
55884 62.98942565917969
56005 33.75519742095572
56045 62.98942565917969
56066 58.771212257969765
56149 135.02078968382287
56266 135.02078968382287
56286 62.98942565917969
56533 13.708869997324554
56579 67.51039484191143
56631 62.98942565917969
56648 67.51039484191143
56716 67.51039484191143
56945 27.417739994649107
56984 135.02078968382287
56993 125.97885131835938
57033 125.97885131835938
57147 62.98942565917969
57209 135.02078968382287
57334 310.19631800041594
57344 29.385606128984882
57384 14.692803064492441
57387 67.51039484191143
57480 58.771212257969765
57544 62.98942565917969
57586 15.747356414794922
57649 67.51039484191143
57668 29.385606128984882
57682 62.98942565917969
57756 62.98942565917969
57890 67.51039484191143
58429 67.51039484191143
58566 135.02078968382287
58649 62.98942565917969
58710 67.51039484191143
58863 135.02078968382287
58964 27.417739994649107
58978 125.97885131835938
59327 14.692803064492441
59440 54.835479989298214
59468 135.02078968382287
59603 31.494712829589844
59798 67.51039484191143
59839 13.708869997324554
59861 62.98942565917969
60039 58.771212257969765
60272 29.385606128984882
60296 13.708869997324554
60333 58.771212257969765
60338 31.494712829589844
60359 31.494712829589844
60392 62.98942565917969
60614 62.98942565917969
60898 67.51039484191143
61029 67.51039484191143
61201 14.692803064492441
61222 58.771212257969765
61261 270.04157936764574
61335 67.51039484191143
61534 144.71169927381544
61586 58.771212257969765
61819 144.71169927381544
62078 58.771212257969765
62100 29.385606128984882
62254 310.19631800041594
62411 13.708869997324554
62429 135.02078968382287
62601 62.98942565917969
62771 62.98942565917969
62805 310.19631800041594
62987 29.385606128984882
63064 67.51039484191143
63468 135.02078968382287
63714 54.835479989298214
63744 144.71169927381544
63788 67.51039484191143
63842 270.04157936764574
63884 289.4233985476309
63957 125.97885131835938
63965 29.385606128984882
63994 125.97885131835938
64179 135.02078968382287
64234 289.4233985476309
64302 29.385606128984882
64716 135.02078968382287
64782 13.708869997324554
64913 14.692803064492441
64936 664.9203636186297
65084 125.97885131835938
65124 125.97885131835938
65129 289.4233985476309
65198 117.54242451593953
65223 67.51039484191143
65272 135.02078968382287
65408 289.4233985476309
65579 67.51039484191143
65590 67.51039484191143
65610 62.98942565917969
65621 58.771212257969765
66060 310.19631800041594
66108 67.51039484191143
66250 67.51039484191143
66422 310.19631800041594
66615 67.51039484191143
66707 125.97885131835938
66758 125.97885131835938
66764 67.51039484191143
66832 67.51039484191143
66834 67.51039484191143
67136 62.98942565917969
67201 67.51039484191143
67306 62.98942565917969
67457 67.51039484191143
67467 117.54242451593953
67633 15.747356414794922
67690 62.98942565917969
67727 310.19631800041594
67850 310.19631800041594
67869 289.4233985476309
67908 664.9203636186297
67965 310.19631800041594
68012 14.692803064492441
68124 144.71169927381544
68366 664.9203636186297
68464 270.04157936764574
68607 67.51039484191143
68685 62.98942565917969
68690 67.51039484191143
68940 62.98942565917969
69119 135.02078968382287
69172 310.19631800041594
69190 67.51039484191143
69329 67.51039484191143
69516 67.51039484191143
69586 62.98942565917969
69610 62.98942565917969
69778 135.02078968382287
70008 578.8467970952618
70074 67.51039484191143
70122 67.51039484191143
70172 289.4233985476309
70202 135.02078968382287
70220 67.51039484191143
70318 135.02078968382287
70373 13.708869997324554
70536 54.835479989298214
70732 67.51039484191143
70785 125.97885131835938
70878 14.692803064492441
70892 310.19631800041594
71017 62.98942565917969
71056 67.51039484191143
71137 67.51039484191143
71167 125.97885131835938
71258 62.98942565917969
71409 67.51039484191143
71670 310.19631800041594
71682 62.98942565917969
71816 310.19631800041594
71965 31.494712829589844
71999 62.98942565917969
72061 62.98942565917969
72175 62.98942565917969
72225 31.494712829589844
72227 27.417739994649107
72316 31.494712829589844
72335 144.71169927381544
72427 67.51039484191143
72438 144.71169927381544
72460 67.51039484191143
72462 310.19631800041594
72525 67.51039484191143
72538 62.98942565917969
72566 62.98942565917969
72742 62.98942565917969
72841 67.51039484191143
73068 289.4233985476309
73174 67.51039484191143
73214 289.4233985476309
73220 270.04157936764574
73397 67.51039484191143
73481 67.51039484191143
73504 54.835479989298214
74173 67.51039484191143
74209 62.98942565917969
74270 135.02078968382287
74401 310.19631800041594
74491 67.51039484191143
74682 58.771212257969765
74772 289.4233985476309
74814 135.02078968382287
75046 29.385606128984882
75225 620.3926360008319
75435 31.494712829589844
75793 67.51039484191143
75823 310.19631800041594
75969 578.8467970952618
75975 62.98942565917969
76074 125.97885131835938
76135 62.98942565917969
76547 67.51039484191143
76639 14.692803064492441
76699 125.97885131835938
76722 67.51039484191143
76879 62.98942565917969
77077 135.02078968382287
77361 310.19631800041594
77414 62.98942565917969
77454 289.4233985476309
77456 67.51039484191143
77457 67.51039484191143
77514 310.19631800041594
77740 135.02078968382287
77853 67.51039484191143
77984 135.02078968382287
78082 125.97885131835938
78083 125.97885131835938
78095 31.494712829589844
78229 54.835479989298214
78261 62.98942565917969
78270 29.385606128984882
78295 15.747356414794922
78330 58.771212257969765
78412 67.51039484191143
78517 58.771212257969765
78525 62.98942565917969
78614 310.19631800041594
78644 310.19631800041594
78696 125.97885131835938
78720 67.51039484191143
78745 67.51039484191143
78814 67.51039484191143
78864 62.98942565917969
78918 67.51039484191143
78946 310.19631800041594
79232 31.494712829589844
79348 67.51039484191143
79397 144.71169927381544
79453 15.747356414794922
79455 67.51039484191143
79593 67.51039484191143
79599 54.835479989298214
79650 62.98942565917969
79765 62.98942565917969
79865 135.02078968382287
79998 58.771212257969765
80062 67.51039484191143
80280 125.97885131835938
80322 62.98942565917969
80343 67.51039484191143
80418 67.51039484191143
80766 13.708869997324554
80880 67.51039484191143
81076 310.19631800041594
81171 144.71169927381544
81188 135.02078968382287
81216 289.4233985476309
81278 289.4233985476309
81288 310.19631800041594
81356 58.771212257969765
81528 62.98942565917969
81533 310.19631800041594
81555 135.02078968382287
81759 310.19631800041594
82114 15.747356414794922
82522 62.98942565917969
82599 14.692803064492441
82612 31.494712829589844
82625 310.19631800041594
82699 144.71169927381544
83136 135.02078968382287
83283 67.51039484191143
83417 289.4233985476309
83695 29.385606128984882
83697 135.02078968382287
83730 270.04157936764574
83987 29.385606128984882
84171 310.19631800041594
84494 125.97885131835938
84513 67.51039484191143
84556 289.4233985476309
85182 289.4233985476309
85252 310.19631800041594
85258 289.4233985476309
85368 67.51039484191143
85430 144.71169927381544
85532 67.51039484191143