8918 15.747356414794922
11125 29.385606128984882
11711 12.790827984192916
14134 27.417739994649107
16616 31.494712829589844
16632 13.708869997324554
17061 33.75519742095572
17939 14.692803064492441
19366 15.747356414794922
20898 13.708869997324554
21439 15.747356414794922
21963 31.494712829589844
22243 31.494712829589844
23068 31.494712829589844
23376 29.385606128984882
23652 27.417739994649107
23782 33.75519742095572
24219 15.747356414794922
24759 33.75519742095572
25019 14.692803064492441
26243 33.75519742095572
26761 31.494712829589844
26794 29.385606128984882
27343 14.692803064492441
28291 31.494712829589844
28739 31.494712829589844
29556 29.385606128984882
29588 31.494712829589844
30030 31.494712829589844
30097 31.494712829589844
30348 23.868528996648458
30637 29.385606128984882
30876 62.98942565917969
32008 31.494712829589844
32503 33.75519742095572
32994 31.494712829589844
33211 33.75519742095572
34207 31.494712829589844
34290 31.494712829589844
34455 31.494712829589844
35216 31.494712829589844
35750 33.75519742095572
36040 31.494712829589844
36522 33.75519742095572
36675 15.747356414794922
36905 33.75519742095572
37188 31.494712829589844
38656 31.494712829589844
39233 33.75519742095572
39272 31.494712829589844
39479 33.75519742095572
40298 31.494712829589844
40532 29.385606128984882
40702 33.75519742095572
40941 14.692803064492441
41909 29.385606128984882
41947 33.75519742095572
41958 29.385606128984882
42109 29.385606128984882
42247 31.494712829589844
42398 33.75519742095572
42724 31.494712829589844
42772 14.692803064492441
43211 14.692803064492441
43247 33.75519742095572
43695 13.708869997324554
44273 13.708869997324554
44807 31.494712829589844
45063 14.692803064492441
45194 33.75519742095572
45290 14.692803064492441
46096 31.494712829589844
46099 29.385606128984882
46333 33.75519742095572
46608 33.75519742095572
46758 31.494712829589844
46983 31.494712829589844
47592 15.747356414794922
47694 31.494712829589844
48220 15.747356414794922
48284 67.51039484191143
48755 29.385606128984882
49591 31.494712829589844
49643 33.75519742095572
49818 31.494712829589844
49913 12.790827984192916
50863 31.494712829589844
50991 29.385606128984882
51100 31.494712829589844
51152 13.708869997324554
51153 13.708869997324554
51159 29.385606128984882
51309 33.75519742095572
51357 31.494712829589844
51688 14.692803064492441
51970 31.494712829589844
52245 14.692803064492441
52479 31.494712829589844
52569 31.494712829589844
52748 31.494712829589844
53391 29.385606128984882
53412 31.494712829589844
53632 29.385606128984882
53638 29.385606128984882
53838 62.98942565917969
54010 31.494712829589844
54189 33.75519742095572
54379 31.494712829589844
54468 31.494712829589844
54768 33.75519742095572
54779 31.494712829589844
54929 31.494712829589844
55155 33.75519742095572
55170 31.494712829589844
55241 31.494712829589844
55282 31.494712829589844
55302 33.75519742095572
55423 33.75519742095572
56071 29.385606128984882
56229 62.98942565917969
56331 67.51039484191143
56356 67.51039484191143
56369 31.494712829589844
56594 31.494712829589844
56888 29.385606128984882
56908 58.771212257969765
56928 33.75519742095572
57048 31.494712829589844
57115 29.385606128984882
57120 15.747356414794922
57178 29.385606128984882
57347 31.494712829589844
57357 29.385606128984882
57407 33.75519742095572
57653 31.494712829589844
57880 33.75519742095572
57915 33.75519742095572
58180 31.494712829589844
58219 31.494712829589844
58340 33.75519742095572
58501 31.494712829589844
58711 31.494712829589844
58791 15.747356414794922
58832 14.692803064492441
58959 15.747356414794922
58976 29.385606128984882
59077 31.494712829589844
59115 33.75519742095572
59293 14.692803064492441
59497 33.75519742095572
59502 15.747356414794922
59715 29.385606128984882
59721 31.494712829589844
59907 33.75519742095572
59969 33.75519742095572
60222 27.417739994649107
60353 31.494712829589844
60449 33.75519742095572
60451 14.692803064492441
60503 31.494712829589844
60704 33.75519742095572
60821 33.75519742095572
60824 31.494712829589844
60880 33.75519742095572
61217 31.494712829589844
61432 31.494712829589844
61479 31.494712829589844
61512 31.494712829589844
61597 31.494712829589844
61598 29.385606128984882
61672 27.417739994649107
61865 33.75519742095572
61916 33.75519742095572
61972 33.75519742095572
62122 62.98942565917969
62578 29.385606128984882
62692 27.417739994649107
62851 31.494712829589844
62952 31.494712829589844
63140 67.51039484191143
63164 31.494712829589844
63179 33.75519742095572
63331 15.747356414794922
63460 33.75519742095572
63735 67.51039484191143
63780 67.51039484191143
63997 31.494712829589844
64114 27.417739994649107
64122 29.385606128984882
64151 31.494712829589844
64732 72.35584963690772
64736 33.75519742095572
64871 27.417739994649107
64886 27.417739994649107
64930 31.494712829589844
65548 29.385606128984882
65621 14.692803064492441
65912 67.51039484191143
66047 15.747356414794922
66060 33.75519742095572
66077 33.75519742095572
66361 31.494712829589844
66477 33.75519742095572
66719 33.75519742095572
66914 58.771212257969765
66932 31.494712829589844
66953 31.494712829589844
67133 31.494712829589844
67150 33.75519742095572
67500 67.51039484191143
67584 31.494712829589844
67674 33.75519742095572
67861 33.75519742095572
68263 33.75519742095572
68296 12.790827984192916
68352 31.494712829589844
68522 33.75519742095572
68579 62.98942565917969
68590 72.35584963690772
68630 33.75519742095572
68729 72.35584963690772
68816 31.494712829589844
68896 67.51039484191143
68914 29.385606128984882
68974 72.35584963690772
68994 33.75519742095572
69085 144.71169927381544
69137 62.98942565917969
69316 62.98942565917969
69411 31.494712829589844
69865 31.494712829589844
70015 29.385606128984882
70174 33.75519742095572
70227 33.75519742095572
70236 72.35584963690772
70314 29.385606128984882
70436 33.75519742095572
70534 33.75519742095572
70561 33.75519742095572
70907 27.417739994649107
71031 33.75519742095572
71112 67.51039484191143
71146 29.385606128984882
71181 33.75519742095572
71437 58.771212257969765
71603 33.75519742095572
71686 31.494712829589844
71770 29.385606128984882
71969 15.747356414794922
72031 33.75519742095572
72233 31.494712829589844
72246 33.75519742095572
72397 33.75519742095572
72435 33.75519742095572
72509 29.385606128984882
72515 58.771212257969765
72547 31.494712829589844
72603 27.417739994649107
72769 31.494712829589844
72827 33.75519742095572
72960 33.75519742095572
72989 72.35584963690772
73082 67.51039484191143
73267 33.75519742095572
73270 33.75519742095572
73482 27.417739994649107
73483 27.417739994649107
73502 33.75519742095572
73571 62.98942565917969
73611 144.71169927381544
73665 33.75519742095572
73833 67.51039484191143
73902 31.494712829589844
74002 31.494712829589844
74073 31.494712829589844
74079 31.494712829589844
74151 29.385606128984882
74288 144.71169927381544
74305 31.494712829589844
74338 33.75519742095572
74407 33.75519742095572
74525 15.747356414794922
74751 29.385606128984882
74867 67.51039484191143
74902 31.494712829589844
75021 58.771212257969765
75190 33.75519742095572
75295 33.75519742095572
75636 33.75519742095572
75789 29.385606128984882
75981 33.75519742095572
76037 72.35584963690772
76056 31.494712829589844
76216 31.494712829589844
76243 33.75519742095572
76568 72.35584963690772
76582 27.417739994649107
76630 33.75519742095572
76673 62.98942565917969
76701 67.51039484191143
77137 31.494712829589844
77225 31.494712829589844
77454 62.98942565917969
77477 29.385606128984882
77701 33.75519742095572
77804 33.75519742095572
77955 72.35584963690772
78029 31.494712829589844
78080 67.51039484191143
78206 33.75519742095572
78248 33.75519742095572
78252 31.494712829589844
78323 33.75519742095572
78326 31.494712829589844
78348 72.35584963690772
78380 27.417739994649107
78724 33.75519742095572
78869 67.51039484191143
78894 31.494712829589844
78992 33.75519742095572
79011 31.494712829589844
79130 33.75519742095572
79344 33.75519742095572
79379 29.385606128984882
79502 31.494712829589844
79553 31.494712829589844
79717 33.75519742095572
79888 31.494712829589844
80125 31.494712829589844
80180 33.75519742095572
80241 33.75519742095572
80258 31.494712829589844
80451 31.494712829589844
80467 31.494712829589844
80657 31.494712829589844
80678 31.494712829589844
80681 31.494712829589844
80738 33.75519742095572
80744 31.494712829589844
80825 29.385606128984882
80867 33.75519742095572
80900 31.494712829589844
80959 31.494712829589844
80985 67.51039484191143
80997 33.75519742095572
81070 29.385606128984882
81109 62.98942565917969
81269 33.75519742095572
81465 67.51039484191143
81558 33.75519742095572
81609 33.75519742095572
81641 31.494712829589844
81724 33.75519742095572
81741 33.75519742095572
81892 31.494712829589844
82006 33.75519742095572
82113 33.75519742095572
82174 62.98942565917969
82499 31.494712829589844
82526 62.98942565917969
82542 31.494712829589844
82786 31.494712829589844
82915 58.771212257969765
83184 72.35584963690772
83501 33.75519742095572
83657 31.494712829589844
83798 31.494712829589844
84143 31.494712829589844
84607 62.98942565917969
84608 31.494712829589844
84622 31.494712829589844
84636 33.75519742095572
84695 67.51039484191143
84759 31.494712829589844
84763 33.75519742095572
84909 33.75519742095572
85035 33.75519742095572
85356 72.35584963690772
85603 67.51039484191143
85786 33.75519742095572
85878 31.494712829589844
85909 58.771212257969765
86022 29.385606128984882
86026 72.35584963690772
86062 33.75519742095572
86226 14.692803064492441
86273 33.75519742095572
86303 31.494712829589844
86341 144.71169927381544
86368 62.98942565917969
86476 33.75519742095572
86481 67.51039484191143
86529 31.494712829589844
86572 29.385606128984882
86577 144.71169927381544
86652 29.385606128984882
86687 31.494712829589844
86718 27.417739994649107
86775 31.494712829589844
86894 72.35584963690772