2648 14.692803064492441
9171 15.747356414794922
9309 15.747356414794922
10351 12.790827984192916
11264 15.747356414794922
12891 14.692803064492441
12987 15.747356414794922
15334 14.692803064492441
16004 14.692803064492441
16133 15.747356414794922
17351 13.708869997324554
17385 14.692803064492441
18113 14.692803064492441
18427 14.692803064492441
18479 15.747356414794922
19006 14.692803064492441
19108 15.747356414794922
19125 14.692803064492441
19295 13.708869997324554
19304 13.708869997324554
19405 14.692803064492441
20153 15.747356414794922
20680 14.692803064492441
21200 13.708869997324554
21860 14.692803064492441
22306 15.747356414794922
22310 15.747356414794922
23050 14.692803064492441
23988 15.747356414794922
24080 15.747356414794922
24189 14.692803064492441
24200 14.692803064492441
24483 14.692803064492441
24605 14.692803064492441
25276 14.692803064492441
25408 14.692803064492441
25668 15.747356414794922
26482 15.747356414794922
27098 14.692803064492441
27895 15.747356414794922
28098 14.692803064492441
28445 14.692803064492441
28492 13.708869997324554
28749 15.747356414794922
29306 14.692803064492441
30225 15.747356414794922
30598 13.708869997324554
30707 15.747356414794922
30709 15.747356414794922
31365 15.747356414794922
31792 15.747356414794922
31802 13.708869997324554
31895 15.747356414794922
32286 15.747356414794922
32897 13.708869997324554
33496 15.747356414794922
33681 15.747356414794922
33828 12.790827984192916
34118 15.747356414794922
34593 14.692803064492441
34710 14.692803064492441
35108 14.692803064492441
35304 13.708869997324554
35621 15.747356414794922
35660 15.747356414794922
36198 15.747356414794922
36609 15.747356414794922
37484 15.747356414794922
37565 14.692803064492441
38448 15.747356414794922
38875 31.494712829589844
39661 15.747356414794922
40307 33.75519742095572
40625 15.747356414794922
41045 15.747356414794922
41414 15.747356414794922
41419 15.747356414794922
41502 13.708869997324554
41929 15.747356414794922
41932 13.708869997324554
42095 14.692803064492441
42890 14.692803064492441
43263 14.692803064492441
43773 15.747356414794922
44022 14.692803064492441
44124 15.747356414794922
44497 15.747356414794922
44587 33.75519742095572
44936 15.747356414794922
45029 14.692803064492441
45261 14.692803064492441
45330 15.747356414794922
45341 14.692803064492441
45435 15.747356414794922
45461 15.747356414794922
45615 33.75519742095572
46184 15.747356414794922
46211 33.75519742095572
46279 13.708869997324554
46727 15.747356414794922
46752 31.494712829589844
47008 15.747356414794922
47151 14.692803064492441
47375 14.692803064492441
47385 15.747356414794922
47497 31.494712829589844
47504 33.75519742095572
47703 14.692803064492441
47948 13.708869997324554
48624 29.385606128984882
48747 14.692803064492441
48752 31.494712829589844
48818 58.771212257969765
50371 15.747356414794922
50408 15.747356414794922
50831 12.790827984192916
51000 14.692803064492441
51721 31.494712829589844
51912 31.494712829589844
51970 33.75519742095572
52832 14.692803064492441
52853 31.494712829589844
53016 15.747356414794922
53115 15.747356414794922
53763 14.692803064492441
53802 15.747356414794922
54074 14.692803064492441
54233 33.75519742095572
54271 15.747356414794922
54272 15.747356414794922
54318 15.747356414794922
54391 15.747356414794922
54527 14.692803064492441
54711 31.494712829589844
55462 15.747356414794922
55481 13.708869997324554
55619 33.75519742095572
55835 15.747356414794922
55857 14.692803064492441
55875 14.692803064492441
56114 15.747356414794922
56115 15.747356414794922
56276 62.98942565917969
56577 33.75519742095572
56889 15.747356414794922
57132 14.692803064492441
57374 15.747356414794922
57488 15.747356414794922
57489 15.747356414794922
57583 15.747356414794922
57960 31.494712829589844
58122 31.494712829589844
58328 15.747356414794922
58802 15.747356414794922
59668 14.692803064492441
60112 13.708869997324554
60176 14.692803064492441
60250 15.747356414794922
60398 29.385606128984882
60415 15.747356414794922
60650 31.494712829589844
60747 15.747356414794922
60934 31.494712829589844
61082 14.692803064492441
61471 13.708869997324554
61802 15.747356414794922
61860 14.692803064492441
62016 14.692803064492441
62048 15.747356414794922
62070 14.692803064492441
62412 29.385606128984882
62453 33.75519742095572
62684 33.75519742095572
62717 15.747356414794922
62813 15.747356414794922
62885 13.708869997324554
63039 12.790827984192916
63156 33.75519742095572
63300 33.75519742095572
63467 29.385606128984882
63699 14.692803064492441
64064 15.747356414794922
64147 14.692803064492441
64212 33.75519742095572
64501 155.09815900020797
64563 33.75519742095572
64649 15.747356414794922
64698 14.692803064492441
64725 33.75519742095572
65073 67.51039484191143
65164 27.417739994649107
65196 15.747356414794922
65269 27.417739994649107
65442 15.747356414794922
65618 14.692803064492441
65723 15.747356414794922
65816 31.494712829589844
65817 31.494712829589844
66007 67.51039484191143
66011 15.747356414794922
66218 13.708869997324554
66609 15.747356414794922
67341 13.708869997324554
68104 31.494712829589844
68302 31.494712829589844
68347 33.75519742095572
68407 14.692803064492441
68635 31.494712829589844
68897 14.692803064492441
69012 15.747356414794922
69183 15.747356414794922
69205 67.51039484191143
69273 15.747356414794922
69421 14.692803064492441
69443 27.417739994649107
69468 29.385606128984882
69515 15.747356414794922
69589 12.790827984192916
69634 31.494712829589844
69664 155.09815900020797
69669 31.494712829589844
69789 135.02078968382287
69794 15.747356414794922
70133 31.494712829589844
70186 14.692803064492441
70247 29.385606128984882
70542 15.747356414794922
70600 67.51039484191143
70694 33.75519742095572
70719 15.747356414794922
70745 12.790827984192916
71002 72.35584963690772
71229 14.692803064492441
71286 33.75519742095572
71304 14.692803064492441
71411 14.692803064492441
71493 29.385606128984882
71638 14.692803064492441
71658 29.385606128984882
71756 14.692803064492441
71910 67.51039484191143
72336 15.747356414794922
73197 33.75519742095572
73399 29.385606128984882
73822 29.385606128984882
74113 72.35584963690772
74163 14.692803064492441
74261 29.385606128984882
74283 29.385606128984882
74531 14.692803064492441
74672 14.692803064492441
74780 14.692803064492441
75100 33.75519742095572
75229 54.835479989298214
75249 14.692803064492441
75398 14.692803064492441
75580 14.692803064492441
75612 14.692803064492441
75638 332.46018180931486
75922 31.494712829589844
76014 15.747356414794922
76030 31.494712829589844
76079 14.692803064492441
76093 33.75519742095572
76191 13.708869997324554
76347 15.747356414794922
76395 14.692803064492441
76577 14.692803064492441
76606 31.494712829589844
76949 31.494712829589844
77030 15.747356414794922
77049 14.692803064492441
77232 33.75519742095572
77309 15.747356414794922
77329 14.692803064492441
77332 144.71169927381544
77546 33.75519742095572
77553 14.692803064492441
77657 144.71169927381544
77771 155.09815900020797
77859 13.708869997324554
77868 14.692803064492441
77881 155.09815900020797
78160 33.75519742095572
78432 15.747356414794922
78565 14.692803064492441
78662 13.708869997324554
78695 31.494712829589844
78750 14.692803064492441
78814 33.75519742095572
78924 14.692803064492441
78978 332.46018180931486
79012 31.494712829589844
79020 72.35584963690772
79034 31.494712829589844
79219 33.75519742095572
79436 144.71169927381544
79446 14.692803064492441
79658 33.75519742095572
79703 15.747356414794922
79801 13.708869997324554
79822 15.747356414794922
79931 29.385606128984882
79939 33.75519742095572
80005 62.98942565917969
80209 31.494712829589844
80315 15.747356414794922
80402 155.09815900020797
80513 13.708869997324554
80520 15.747356414794922
80530 72.35584963690772
80622 15.747356414794922
80789 155.09815900020797
80851 15.747356414794922
80870 144.71169927381544
80997 155.09815900020797
81086 72.35584963690772
81504 29.385606128984882
81689 15.747356414794922
81891 332.46018180931486
82133 29.385606128984882
82184 62.98942565917969
82336 12.790827984192916
82417 155.09815900020797
82454 29.385606128984882
82609 15.747356414794922
82614 13.708869997324554
82698 33.75519742095572
82731 72.35584963690772
82861 15.747356414794922
82943 15.747356414794922
82955 29.385606128984882
83067 15.747356414794922
83095 67.51039484191143
83231 144.71169927381544
83324 33.75519742095572
83337 33.75519742095572
83464 15.747356414794922
83477 29.385606128984882
83484 332.46018180931486
83550 13.708869997324554
83644 15.747356414794922
83947 155.09815900020797
84037 31.494712829589844
84065 31.494712829589844
84075 15.747356414794922
84260 155.09815900020797
84357 14.692803064492441
84424 14.692803064492441
84431 72.35584963690772
84471 29.385606128984882
84473 29.385606128984882
84478 14.692803064492441
84625 14.692803064492441
84669 14.692803064492441
84777 33.75519742095572
85158 31.494712829589844
85177 62.98942565917969
85249 31.494712829589844
85678 14.692803064492441
85695 33.75519742095572
85740 12.790827984192916
85804 33.75519742095572
85936 31.494712829589844
86003 14.692803064492441
86006 62.98942565917969
86009 15.747356414794922
86206 15.747356414794922
86296 15.747356414794922
86317 144.71169927381544
86406 15.747356414794922
86737 155.09815900020797
86790 29.385606128984882
86863 15.747356414794922
87063 155.09815900020797
87348 15.747356414794922
87474 29.385606128984882
87619 155.09815900020797
87644 155.09815900020797
87794 15.747356414794922
87929 144.71169927381544
87973 72.35584963690772
88182 15.747356414794922
88188 14.692803064492441
88288 31.494712829589844
88423 155.09815900020797
88533 13.708869997324554
88569 14.692803064492441
88872 62.98942565917969
89127 67.51039484191143
89239 72.35584963690772
89347 15.747356414794922
89483 14.692803064492441
89633 29.385606128984882
89650 144.71169927381544
89811 12.790827984192916
89853 31.494712829589844
89872 14.692803064492441
89936 15.747356414794922
89962 14.692803064492441