6735 33.75519742095572
7989 13.708869997324554
10017 14.692803064492441
12064 31.494712829589844
12341 14.692803064492441
12869 14.692803064492441
13002 31.494712829589844
13153 29.385606128984882
14237 33.75519742095572
15964 13.708869997324554
16004 31.494712829589844
18831 14.692803064492441
19497 33.75519742095572
19924 29.385606128984882
20137 31.494712829589844
20628 33.75519742095572
21005 13.708869997324554
21530 31.494712829589844
21982 29.385606128984882
23900 13.708869997324554
24370 31.494712829589844
25523 33.75519742095572
25635 14.692803064492441
25648 29.385606128984882
25823 14.692803064492441
26735 29.385606128984882
26851 31.494712829589844
27157 14.692803064492441
27833 33.75519742095572
27970 31.494712829589844
28623 31.494712829589844
29314 29.385606128984882
29633 15.747356414794922
29647 33.75519742095572
29943 25.58165596838583
29981 33.75519742095572
30866 13.708869997324554
31411 72.35584963690772
31451 33.75519742095572
31703 29.385606128984882
31827 29.385606128984882
31914 13.708869997324554
32735 29.385606128984882
32745 25.58165596838583
33196 31.494712829589844
33446 31.494712829589844
33461 29.385606128984882
33953 27.417739994649107
34298 31.494712829589844
34302 33.75519742095572
34316 31.494712829589844
34579 29.385606128984882
35085 31.494712829589844
35135 31.494712829589844
35185 33.75519742095572
35664 33.75519742095572
35710 31.494712829589844
35841 29.385606128984882
35874 14.692803064492441
36010 33.75519742095572
36231 31.494712829589844
36830 15.747356414794922
36911 15.747356414794922
37753 33.75519742095572
38792 33.75519742095572
39185 31.494712829589844
39212 14.692803064492441
39237 33.75519742095572
39240 33.75519742095572
39270 33.75519742095572
39598 31.494712829589844
39788 54.835479989298214
40125 31.494712829589844
40446 72.35584963690772
40636 67.51039484191143
40862 14.692803064492441
41971 33.75519742095572
42311 27.417739994649107
42871 29.385606128984882
43187 31.494712829589844
43757 12.790827984192916
43826 31.494712829589844
44466 31.494712829589844
44805 31.494712829589844
44934 27.417739994649107
45418 27.417739994649107
45453 31.494712829589844
46046 33.75519742095572
46049 14.692803064492441
46473 31.494712829589844
46608 33.75519742095572
47219 29.385606128984882
47460 31.494712829589844
47674 72.35584963690772
47679 29.385606128984882
47784 31.494712829589844
47809 31.494712829589844
47840 27.417739994649107
48417 31.494712829589844
48447 14.692803064492441
48921 31.494712829589844
49046 31.494712829589844
49895 31.494712829589844
50330 33.75519742095572
50413 27.417739994649107
50623 67.51039484191143
50624 31.494712829589844
50838 33.75519742095572
50911 33.75519742095572
50977 31.494712829589844
51118 33.75519742095572
51148 14.692803064492441
51367 29.385606128984882
51418 33.75519742095572
51504 27.417739994649107
51637 29.385606128984882
51898 29.385606128984882
51899 29.385606128984882
51903 31.494712829589844
52175 62.98942565917969
52420 31.494712829589844
52439 62.98942565917969
52605 33.75519742095572
52675 33.75519742095572
52976 67.51039484191143
53285 31.494712829589844
53339 33.75519742095572
53535 144.71169927381544
53946 15.747356414794922
54464 33.75519742095572
54678 29.385606128984882
54855 14.692803064492441
55048 62.98942565917969
55299 33.75519742095572
55620 31.494712829589844
55895 33.75519742095572
56275 29.385606128984882
56407 33.75519742095572
56424 31.494712829589844
56728 144.71169927381544
56765 31.494712829589844
56983 62.98942565917969
57249 31.494712829589844
57576 33.75519742095572
57781 29.385606128984882
57960 31.494712829589844
58190 31.494712829589844
58198 62.98942565917969
58556 31.494712829589844
58832 33.75519742095572
58940 62.98942565917969
59068 67.51039484191143
59082 72.35584963690772
59430 29.385606128984882
59538 31.494712829589844
59565 62.98942565917969
59643 62.98942565917969
59796 72.35584963690772
60034 15.747356414794922
60046 33.75519742095572
60125 62.98942565917969
60147 15.747356414794922
60261 33.75519742095572
60281 72.35584963690772
60590 62.98942565917969
60650 29.385606128984882
60850 67.51039484191143
60909 33.75519742095572
60912 33.75519742095572
60971 31.494712829589844
61037 29.385606128984882
61115 31.494712829589844
61143 62.98942565917969
61349 31.494712829589844
61414 31.494712829589844
61476 31.494712829589844
61596 29.385606128984882
61909 135.02078968382287
62324 62.98942565917969
62530 67.51039484191143
62534 31.494712829589844
62645 144.71169927381544
62725 33.75519742095572
62789 31.494712829589844
62950 67.51039484191143
63147 31.494712829589844
63194 31.494712829589844
63267 31.494712829589844
63466 144.71169927381544
63543 144.71169927381544
63857 117.54242451593953
63905 62.98942565917969
63936 31.494712829589844
64057 13.708869997324554
64069 67.51039484191143
64180 31.494712829589844
64313 67.51039484191143
64706 144.71169927381544
64753 29.385606128984882
64880 29.385606128984882
64911 144.71169927381544
65063 31.494712829589844
65265 310.19631800041594
65426 72.35584963690772
65479 31.494712829589844
66043 135.02078968382287
66068 33.75519742095572
66075 31.494712829589844
66244 33.75519742095572
66435 33.75519742095572
66579 62.98942565917969
66589 29.385606128984882
66763 289.4233985476309
66940 31.494712829589844
67164 31.494712829589844
67282 67.51039484191143
67423 310.19631800041594
67472 33.75519742095572
67652 31.494712829589844
67654 72.35584963690772
67728 289.4233985476309
67732 33.75519742095572
68087 31.494712829589844
68098 72.35584963690772
68231 125.97885131835938
68651 67.51039484191143
68852 62.98942565917969
68931 31.494712829589844
69005 33.75519742095572
69047 67.51039484191143
69116 67.51039484191143
69181 31.494712829589844
69183 31.494712829589844
69271 31.494712829589844
69273 135.02078968382287
69495 62.98942565917969
69539 29.385606128984882
69622 62.98942565917969
69773 310.19631800041594
69783 33.75519742095572
69852 31.494712829589844
69876 33.75519742095572
69898 31.494712829589844
70025 33.75519742095572
70027 144.71169927381544
70072 29.385606128984882
70200 29.385606128984882
70264 62.98942565917969
70334 67.51039484191143
70392 31.494712829589844
70674 144.71169927381544
70880 27.417739994649107
70968 33.75519742095572
70972 29.385606128984882
70998 31.494712829589844
71131 27.417739994649107
71295 31.494712829589844
71347 67.51039484191143
71386 33.75519742095572
71439 67.51039484191143
71441 15.747356414794922
71600 135.02078968382287
71604 31.494712829589844
71677 31.494712829589844
71712 31.494712829589844
71912 67.51039484191143
71948 144.71169927381544
72012 31.494712829589844
72033 33.75519742095572
72187 29.385606128984882
72349 14.692803064492441
72783 29.385606128984882
73093 67.51039484191143
73190 144.71169927381544
73208 62.98942565917969
73245 29.385606128984882
73422 144.71169927381544
74524 31.494712829589844
74540 67.51039484191143
74569 29.385606128984882
74660 33.75519742095572
74762 33.75519742095572
74790 31.494712829589844
75067 33.75519742095572
75137 31.494712829589844
75150 29.385606128984882
75270 31.494712829589844
75312 72.35584963690772
75330 62.98942565917969
75397 144.71169927381544
75470 31.494712829589844
75471 31.494712829589844
75490 13.708869997324554
75515 31.494712829589844
75549 29.385606128984882
75643 29.385606128984882
75694 31.494712829589844
75698 62.98942565917969
75722 12.790827984192916
75899 58.771212257969765
76087 31.494712829589844
76094 144.71169927381544
76100 27.417739994649107
76424 144.71169927381544
76586 29.385606128984882
76817 33.75519742095572
76830 135.02078968382287
76857 135.02078968382287
76985 310.19631800041594
77104 31.494712829589844
77268 72.35584963690772
77454 33.75519742095572
77526 33.75519742095572
77562 58.771212257969765
77820 33.75519742095572
78544 33.75519742095572
78551 67.51039484191143
78556 144.71169927381544
78623 29.385606128984882
78627 144.71169927381544
78846 31.494712829589844
78872 135.02078968382287
78887 62.98942565917969
79046 310.19631800041594
79050 664.9203636186297
79086 29.385606128984882
79148 135.02078968382287
79937 310.19631800041594
79965 31.494712829589844
79966 14.692803064492441
79974 33.75519742095572
80026 29.385606128984882
80052 29.385606128984882
80174 33.75519742095572
80272 29.385606128984882
80289 67.51039484191143
80336 29.385606128984882
80337 29.385606128984882
80356 31.494712829589844
80420 31.494712829589844
80429 29.385606128984882
80471 310.19631800041594
80490 135.02078968382287
80517 135.02078968382287
81031 33.75519742095572
81166 58.771212257969765
81334 144.71169927381544
81492 144.71169927381544
81551 62.98942565917969
81564 270.04157936764574
81676 31.494712829589844
81743 31.494712829589844
81819 31.494712829589844
81839 31.494712829589844
81861 310.19631800041594
82004 67.51039484191143
82208 29.385606128984882
82347 72.35584963690772
82377 135.02078968382287
82595 31.494712829589844
82690 29.385606128984882
82912 31.494712829589844
83081 135.02078968382287
83119 135.02078968382287
83133 67.51039484191143
83231 29.385606128984882
83491 144.71169927381544
83517 31.494712829589844
83599 62.98942565917969
83733 289.4233985476309
83898 33.75519742095572
84085 289.4233985476309
84318 31.494712829589844
84353 144.71169927381544
84365 33.75519742095572
84387 29.385606128984882
84417 270.04157936764574
84480 31.494712829589844
84514 31.494712829589844
84519 31.494712829589844
84588 33.75519742095572
84617 33.75519742095572
84639 135.02078968382287
84842 31.494712829589844
84927 33.75519742095572
84962 62.98942565917969
84972 29.385606128984882
84976 33.75519742095572
85418 33.75519742095572
85439 58.771212257969765
85528 62.98942565917969
85558 62.98942565917969
85593 62.98942565917969
85730 67.51039484191143
85748 135.02078968382287
86006 67.51039484191143
86103 310.19631800041594
86176 144.71169927381544
86186 31.494712829589844
86193 33.75519742095572