7315 13.708869997324554
7370 15.747356414794922
9999 15.747356414794922
10059 15.747356414794922
10430 14.692803064492441
14580 15.747356414794922
14950 12.790827984192916
15178 13.708869997324554
16573 33.75519742095572
17286 33.75519742095572
18343 14.692803064492441
19257 15.747356414794922
20801 33.75519742095572
21089 15.747356414794922
21519 14.692803064492441
22445 15.747356414794922
23259 13.708869997324554
23984 15.747356414794922
24223 15.747356414794922
24811 14.692803064492441
25079 15.747356414794922
26349 33.75519742095572
26424 15.747356414794922
26624 31.494712829589844
27007 33.75519742095572
28013 15.747356414794922
28135 14.692803064492441
28767 14.692803064492441
28791 15.747356414794922
31100 15.747356414794922
31150 29.385606128984882
31294 15.747356414794922
31799 14.692803064492441
32131 14.692803064492441
32169 15.747356414794922
32268 15.747356414794922
32497 33.75519742095572
33136 15.747356414794922
33563 15.747356414794922
34028 13.708869997324554
34734 33.75519742095572
35215 33.75519742095572
35259 15.747356414794922
35412 15.747356414794922
35519 31.494712829589844
35922 33.75519742095572
36032 33.75519742095572
36272 31.494712829589844
37631 15.747356414794922
37687 29.385606128984882
37722 14.692803064492441
37760 15.747356414794922
38195 13.708869997324554
38569 31.494712829589844
38818 15.747356414794922
39036 72.35584963690772
39128 14.692803064492441
39429 14.692803064492441
39615 15.747356414794922
39948 31.494712829589844
40111 15.747356414794922
41826 31.494712829589844
41891 31.494712829589844
42218 14.692803064492441
42287 14.692803064492441
42996 29.385606128984882
43218 15.747356414794922
43369 15.747356414794922
43663 72.35584963690772
43671 15.747356414794922
43897 15.747356414794922
44387 14.692803064492441
44669 33.75519742095572
44820 14.692803064492441
44851 15.747356414794922
44923 33.75519742095572
45076 14.692803064492441
45267 31.494712829589844
45331 15.747356414794922
45406 13.708869997324554
45419 13.708869997324554
45616 33.75519742095572
45637 33.75519742095572
45657 13.708869997324554
45685 15.747356414794922
45912 15.747356414794922
46201 67.51039484191143
46926 31.494712829589844
47035 33.75519742095572
47147 15.747356414794922
47449 15.747356414794922
47493 15.747356414794922
47629 15.747356414794922
47791 33.75519742095572
48016 31.494712829589844
48038 14.692803064492441
48081 33.75519742095572
48117 29.385606128984882
48311 33.75519742095572
48565 14.692803064492441
49164 33.75519742095572
49431 14.692803064492441
49836 15.747356414794922
49849 67.51039484191143
50162 33.75519742095572
50330 15.747356414794922
50345 14.692803064492441
50355 33.75519742095572
50454 15.747356414794922
50486 33.75519742095572
50963 14.692803064492441
50987 15.747356414794922
51250 15.747356414794922
51638 31.494712829589844
51927 15.747356414794922
52415 33.75519742095572
52446 33.75519742095572
52667 33.75519742095572
53663 33.75519742095572
53685 33.75519742095572
53836 14.692803064492441
53869 29.385606128984882
54286 31.494712829589844
54585 29.385606128984882
54771 33.75519742095572
54878 31.494712829589844
55041 27.417739994649114
55315 31.494712829589844
55580 31.494712829589844
55607 31.494712829589844
55714 33.75519742095572
56059 33.75519742095572
56333 33.75519742095572
57059 67.51039484191143
57067 33.75519742095572
57503 31.494712829589844
57586 72.35584963690772
57812 31.494712829589844
57931 33.75519742095572
57975 14.692803064492441
58580 155.09815900020797
59061 31.494712829589844
59283 31.494712829589844
59479 29.385606128984882
59644 72.35584963690772
59666 14.692803064492441
59764 29.385606128984882
59772 33.75519742095572
59854 14.692803064492441
59919 33.75519742095572
60398 15.747356414794922
60501 33.75519742095572
60511 58.771212257969765
60556 33.75519742095572
60843 33.75519742095572
60871 15.747356414794922
60954 62.98942565917969
61032 72.35584963690772
61066 15.747356414794922
61134 33.75519742095572
61449 15.747356414794922
61466 15.747356414794922
61480 33.75519742095572
61628 15.747356414794922
61739 72.35584963690772
61783 29.385606128984882
62382 14.692803064492441
62958 13.708869997324554
62982 29.385606128984882
63366 15.747356414794922
63905 33.75519742095572
64222 33.75519742095572
64286 72.35584963690772
64338 33.75519742095572
64417 33.75519742095572
64460 33.75519742095572
64676 72.35584963690772
64724 58.771212257969765
64800 15.747356414794922
64870 14.692803064492441
64946 33.75519742095572
64969 67.51039484191143
64977 27.417739994649107
65222 62.98942565917969
65231 33.75519742095572
65404 14.692803064492441
65615 15.747356414794922
65637 62.98942565917969
65645 15.747356414794922
65751 33.75519742095572
65963 33.75519742095572
66121 33.75519742095572
66154 144.71169927381544
66262 31.494712829589844
66393 33.75519742095572
66494 14.692803064492441
66725 12.790827984192916
66758 27.417739994649107
66775 33.75519742095572
66975 15.747356414794922
67111 31.494712829589844
67114 27.417739994649107
67366 15.747356414794922
67414 33.75519742095572
67529 14.692803064492441
67679 33.75519742095572
67684 15.747356414794922
67821 15.747356414794922
67886 33.75519742095572
67945 31.494712829589844
67969 14.692803064492441
68050 15.747356414794922
68067 31.494712829589844
68072 62.98942565917969
68187 15.747356414794922
68404 31.494712829589844
68413 15.747356414794922
68501 15.747356414794922
68565 29.385606128984882
68711 72.35584963690772
68754 29.385606128984882
68943 31.494712829589844
69002 15.747356414794922
69148 15.747356414794922
69237 14.692803064492441
69274 33.75519742095572
69305 33.75519742095572
69420 31.494712829589844
69705 27.417739994649107
69707 29.385606128984882
69793 33.75519742095572
69847 13.708869997324554
70037 31.494712829589844
70157 33.75519742095572
70171 31.494712829589844
70406 31.494712829589844
70567 72.35584963690772
70670 14.692803064492441
70820 67.51039484191143
70909 72.35584963690772
70993 33.75519742095572
71029 33.75519742095572
71076 14.692803064492441
71094 72.35584963690772
71484 31.494712829589844
71500 33.75519742095572
71551 155.09815900020797
71574 29.385606128984882
71616 13.708869997324554
71698 33.75519742095572
71837 72.35584963690772
71902 72.35584963690772
72065 31.494712829589844
72373 15.747356414794922
72416 33.75519742095572
72468 29.385606128984882
72728 33.75519742095572
72845 33.75519742095572
72993 33.75519742095572
73001 33.75519742095572
73099 33.75519742095572
73215 67.51039484191143
73280 72.35584963690772
73480 31.494712829589844
73501 12.790827984192916
73717 33.75519742095572
73741 13.708869997324554
73845 33.75519742095572
73914 33.75519742095572
74206 54.835479989298214
74304 33.75519742095572
74363 14.692803064492441
74431 72.35584963690772
74524 33.75519742095572
74684 33.75519742095572
74748 33.75519742095572
74781 33.75519742095572
74840 67.51039484191143
74904 33.75519742095572
75017 15.747356414794922
75142 15.747356414794922
75241 33.75519742095572
75330 33.75519742095572
75342 33.75519742095572
75525 33.75519742095572
75567 15.747356414794922
75746 33.75519742095572
75777 33.75519742095572
75964 13.708869997324554
76012 15.747356414794922
76039 72.35584963690772
76044 33.75519742095572
76266 72.35584963690772
76386 29.385606128984882
76626 33.75519742095572
76648 31.494712829589844
76927 14.692803064492441
77106 31.494712829589844
77177 135.02078968382287
77250 14.692803064492441
77267 15.747356414794922
77278 15.747356414794922
77423 15.747356414794922
77708 33.75519742095572
77816 15.747356414794922
77883 14.692803064492441
77912 72.35584963690772
77916 29.385606128984882
78139 15.747356414794922
78188 72.35584963690772
78229 67.51039484191143
78481 33.75519742095572
78649 15.747356414794922
78739 14.692803064492441
79059 31.494712829589844
79201 62.98942565917969
79226 58.771212257969765
79239 29.385606128984882
79247 67.51039484191143
79250 33.75519742095572
79477 72.35584963690772
79505 29.385606128984882
79549 14.692803064492441
79592 33.75519742095572
79918 67.51039484191143
79922 31.494712829589844
79940 13.708869997324554
80090 15.747356414794922
80132 31.494712829589844
80390 33.75519742095572
80393 33.75519742095572
80653 31.494712829589844
80763 33.75519742095572
80788 33.75519742095572
80870 54.835479989298214
80932 72.35584963690772
80973 31.494712829589844
81431 33.75519742095572
81442 62.98942565917969
81567 72.35584963690772
81579 33.75519742095572
81591 31.494712829589844
81626 33.75519742095572
81647 31.494712829589844
82015 33.75519742095572
82193 33.75519742095572
82366 29.385606128984882
82716 15.747356414794922
82777 33.75519742095572
82879 15.747356414794922
83095 72.35584963690772
83138 155.09815900020797
83162 72.35584963690772
83200 31.494712829589844
83279 62.98942565917969
83384 27.417739994649107
83429 14.692803064492441
83818 29.385606128984882
83858 155.09815900020797
83980 31.494712829589844
84318 33.75519742095572
84658 67.51039484191143
84660 15.747356414794922
84691 33.75519742095572
84818 14.692803064492441
84826 33.75519742095572
84855 14.692803064492441
84923 14.692803064492441
84945 31.494712829589844
84959 29.385606128984882
84967 33.75519742095572
85024 31.494712829589844
85109 62.98942565917969
85167 14.692803064492441
85220 72.35584963690772
85543 72.35584963690772
85549 31.494712829589844
85629 72.35584963690772
85647 31.494712829589844
85791 15.747356414794922
85824 33.75519742095572
85838 33.75519742095572
85885 14.692803064492441
85907 29.385606128984882
85924 67.51039484191143
86203 15.747356414794922
86209 33.75519742095572
86298 33.75519742095572
86380 72.35584963690772
86417 33.75519742095572
86525 67.51039484191143
86656 33.75519742095572
86677 144.71169927381544
87008 67.51039484191143
87089 58.771212257969765
87309 33.75519742095572
87389 58.771212257969765
87435 13.708869997324554
87516 31.494712829589844
87601 31.494712829589844