6126 14.692803064492441
8632 15.747356414794922
10861 11.934264498324229
11523 14.692803064492441
11995 12.790827984192916
12523 33.75519742095572
13633 33.75519742095572
13839 15.747356414794922
14476 15.747356414794922
16068 33.75519742095572
16589 14.692803064492441
17789 14.692803064492441
18387 33.75519742095572
19751 15.747356414794922
23137 14.692803064492441
24563 33.75519742095572
25523 33.75519742095572
25705 15.747356414794922
25739 13.708869997324554
27767 14.692803064492441
27973 33.75519742095572
29020 33.75519742095572
29789 33.75519742095572
29986 31.494712829589844
30144 31.494712829589844
30282 31.494712829589844
30878 33.75519742095572
31518 33.75519742095572
31879 33.75519742095572
32182 31.494712829589844
32240 14.692803064492441
32397 13.708869997324554
32820 29.385606128984882
33483 31.494712829589844
33787 31.494712829589844
35927 27.417739994649107
35960 15.747356414794922
35993 15.747356414794922
36051 31.494712829589844
36240 31.494712829589844
36512 72.35584963690772
36595 33.75519742095572
36857 33.75519742095572
38441 14.692803064492441
38458 33.75519742095572
38541 31.494712829589844
38593 33.75519742095572
39131 33.75519742095572
39578 15.747356414794922
39677 13.708869997324554
39798 15.747356414794922
40196 33.75519742095572
40241 33.75519742095572
40313 14.692803064492441
40505 33.75519742095572
40522 15.747356414794922
40647 33.75519742095572
40784 31.494712829589844
41132 31.494712829589844
41284 33.75519742095572
41831 33.75519742095572
41926 62.98942565917969
41986 13.708869997324554
42191 33.75519742095572
42266 14.692803064492441
42345 31.494712829589844
43359 27.417739994649107
43383 67.51039484191143
44075 31.494712829589844
44104 27.417739994649107
44290 12.790827984192916
44985 31.494712829589844
45454 33.75519742095572
45740 13.708869997324554
46000 72.35584963690772
46094 14.692803064492441
46387 13.708869997324554
46598 31.494712829589844
46651 14.692803064492441
46698 13.708869997324554
46856 14.692803064492441
46901 33.75519742095572
46909 31.494712829589844
47054 31.494712829589844
47167 33.75519742095572
47761 31.494712829589844
47815 33.75519742095572
47862 31.494712829589844
48023 33.75519742095572
48355 33.75519742095572
48412 33.75519742095572
48695 31.494712829589844
48875 15.747356414794922
49521 31.494712829589844
49542 33.75519742095572
49729 33.75519742095572
49954 31.494712829589844
50358 33.75519742095572
50484 33.75519742095572
50522 67.51039484191143
50640 31.494712829589844
50717 33.75519742095572
50985 31.494712829589844
51295 67.51039484191143
51316 15.747356414794922
51687 33.75519742095572
51804 14.692803064492441
51882 72.35584963690772
51932 14.692803064492441
52163 31.494712829589844
52266 15.747356414794922
52975 33.75519742095572
53035 33.75519742095572
53077 67.51039484191143
53175 33.75519742095572
53200 31.494712829589844
53276 31.494712829589844
53455 33.75519742095572
53535 33.75519742095572
53607 14.692803064492441
53976 33.75519742095572
53978 155.09815900020797
54070 33.75519742095572
54117 33.75519742095572
54416 14.692803064492441
54632 33.75519742095572
54892 33.75519742095572
55133 33.75519742095572
55432 33.75519742095572
55570 33.75519742095572
55714 14.692803064492441
55791 33.75519742095572
55949 33.75519742095572
56085 33.75519742095572
56140 33.75519742095572
56157 14.692803064492441
56260 15.747356414794922
56297 25.58165596838583
56401 33.75519742095572
56580 15.747356414794922
56810 33.75519742095572
56817 31.494712829589844
57106 33.75519742095572
57193 33.75519742095572
57305 33.75519742095572
57317 33.75519742095572
57468 29.385606128984882
57743 27.417739994649107
57947 13.708869997324554
58155 33.75519742095572
58412 14.692803064492441
58824 13.708869997324554
58899 33.75519742095572
58931 33.75519742095572
59022 29.385606128984882
59107 33.75519742095572
59165 31.494712829589844
59208 25.58165596838583
59493 67.51039484191143
59791 29.385606128984882
59919 33.75519742095572
60023 33.75519742095572
60027 33.75519742095572
60111 33.75519742095572
60482 14.692803064492441
60686 15.747356414794922
60738 31.494712829589844
60897 31.494712829589844
61003 33.75519742095572
61072 31.494712829589844
61222 14.692803064492441
61549 29.385606128984882
61708 15.747356414794922
62080 33.75519742095572
62121 62.98942565917969
62148 72.35584963690772
62543 12.790827984192916
62576 31.494712829589844
62656 33.75519742095572
62705 33.75519742095572
62710 72.35584963690772
62746 14.692803064492441
62842 33.75519742095572
63357 15.747356414794922
63522 31.494712829589844
63695 13.708869997324554
63794 33.75519742095572
64002 33.75519742095572
64029 31.494712829589844
64126 67.51039484191143
64223 33.75519742095572
64715 33.75519742095572
64761 33.75519742095572
64834 33.75519742095572
64933 33.75519742095572
64948 31.494712829589844
65093 15.747356414794922
65095 33.75519742095572
65225 67.51039484191143
65330 29.385606128984882
65378 67.51039484191143
65427 67.51039484191143
65596 33.75519742095572
65731 31.494712829589844
65946 15.747356414794922
65977 67.51039484191143
66050 14.692803064492441
66264 33.75519742095572
66462 67.51039484191143
66528 33.75519742095572
66730 31.494712829589844
67402 33.75519742095572
67543 33.75519742095572
68015 33.75519742095572
68036 33.75519742095572
68117 67.51039484191143
68286 33.75519742095572
68503 62.98942565917969
68509 67.51039484191143
68621 31.494712829589844
68723 33.75519742095572
68783 33.75519742095572
68790 33.75519742095572
68859 33.75519742095572
68947 14.692803064492441
68970 29.385606128984882
69066 29.385606128984882
69197 33.75519742095572
69238 62.98942565917969
69569 33.75519742095572
69696 58.771212257969765
69770 72.35584963690772
69812 33.75519742095572
69863 31.494712829589844
70077 33.75519742095572
70231 25.58165596838583
70285 33.75519742095572
70314 33.75519742095572
70374 62.98942565917969
70474 62.98942565917969
70529 33.75519742095572
70537 155.09815900020797
70685 33.75519742095572
70802 33.75519742095572
70998 33.75519742095572
71042 33.75519742095572
71095 12.790827984192916
71192 155.09815900020797
71434 14.692803064492441
71644 33.75519742095572
71750 29.385606128984882
71907 67.51039484191143
71956 13.708869997324554
72357 33.75519742095572
72780 31.494712829589844
72801 67.51039484191143
72831 31.494712829589844
72968 72.35584963690772
73070 14.692803064492441
73129 155.09815900020797
73223 31.494712829589844
73355 72.35584963690772
73538 14.692803064492441
73838 67.51039484191143
74066 33.75519742095572
74124 54.835479989298214
74178 33.75519742095572
74256 72.35584963690772
74386 14.692803064492441
74413 29.385606128984882
74462 155.09815900020797
74511 29.385606128984882
74591 144.71169927381544
74678 15.747356414794922
74853 33.75519742095572
74925 31.494712829589844
74943 29.385606128984882
75053 33.75519742095572
75337 14.692803064492441
75423 72.35584963690772
75446 72.35584963690772
75610 13.708869997324554
75649 29.385606128984882
75770 62.98942565917969
75834 33.75519742095572
75902 33.75519742095572
76003 67.51039484191143
76009 62.98942565917969
76139 31.494712829589844
76348 31.494712829589844
76354 33.75519742095572
76358 67.51039484191143
76400 33.75519742095572
76463 13.708869997324554
76479 15.747356414794922
76545 33.75519742095572
76884 67.51039484191143
77256 72.35584963690772
77285 67.51039484191143
77298 14.692803064492441
77349 31.494712829589844
77351 31.494712829589844
77402 155.09815900020797
77483 31.494712829589844
77722 31.494712829589844
77746 62.98942565917969
77827 31.494712829589844
78112 31.494712829589844
78604 29.385606128984882
78965 31.494712829589844
79008 29.385606128984882
79039 31.494712829589844
79237 14.692803064492441
79346 15.747356414794922
79510 67.51039484191143
79565 31.494712829589844
79676 31.494712829589844
79719 33.75519742095572
79746 33.75519742095572
79758 67.51039484191143
79842 33.75519742095572
79906 33.75519742095572
80148 67.51039484191143
80176 155.09815900020797
80209 144.71169927381544
80238 33.75519742095572
80308 62.98942565917969
80319 33.75519742095572
80359 33.75519742095572
80440 15.747356414794922
80442 67.51039484191143
80805 33.75519742095572
80878 72.35584963690772
80930 31.494712829589844
81017 67.51039484191143
81024 25.58165596838583
81375 33.75519742095572
81416 14.692803064492441
81430 33.75519742095572
81694 144.71169927381544
81731 155.09815900020797
81886 155.09815900020797
81896 31.494712829589844
81983 15.747356414794922
82119 67.51039484191143
82149 29.385606128984882
82171 31.494712829589844
82233 31.494712829589844
82292 31.494712829589844
82304 15.747356414794922
82313 14.692803064492441
82511 155.09815900020797
82674 31.494712829589844
82728 67.51039484191143
82945 33.75519742095572
83048 33.75519742095572
83118 31.494712829589844
83276 67.51039484191143
83373 33.75519742095572
83379 31.494712829589844
83541 31.494712829589844
83580 33.75519742095572
83590 33.75519742095572
83611 31.494712829589844
83828 15.747356414794922
83843 15.747356414794922
83871 33.75519742095572
83897 67.51039484191143
83995 33.75519742095572
84019 67.51039484191143
84062 67.51039484191143
84093 155.09815900020797
84112 72.35584963690772
84217 31.494712829589844
84427 14.692803064492441
84452 33.75519742095572
84501 31.494712829589844
84521 62.98942565917969
84601 14.692803064492441
84608 33.75519742095572
84642 31.494712829589844
84801 72.35584963690772
84938 144.71169927381544
85089 33.75519742095572
85094 33.75519742095572
85098 33.75519742095572
85287 33.75519742095572
85480 33.75519742095572
85499 67.51039484191143
85644 72.35584963690772
85983 14.692803064492441
86084 31.494712829589844
86170 33.75519742095572
86451 31.494712829589844
86554 144.71169927381544
86697 62.98942565917969
86705 15.747356414794922
86766 72.35584963690772
86826 31.494712829589844
86933 13.708869997324554