5058 15.747356414794922
11812 15.747356414794922
11859 15.747356414794922
16079 14.692803064492441
16252 33.75519742095572
16517 13.708869997324554
17560 33.75519742095572
17635 15.747356414794922
17767 13.708869997324554
17981 33.75519742095572
18936 14.692803064492441
20143 33.75519742095572
20416 15.747356414794922
22969 31.494712829589844
23778 15.747356414794922
23855 15.747356414794922
24261 15.747356414794922
25687 33.75519742095572
26395 15.747356414794922
26425 33.75519742095572
27550 72.35584963690772
29047 15.747356414794922
30152 14.692803064492441
30259 29.385606128984882
30516 15.747356414794922
30655 31.494712829589844
30772 31.494712829589844
31458 31.494712829589844
31479 31.494712829589844
31621 31.494712829589844
31743 14.692803064492441
32251 15.747356414794922
32387 14.692803064492441
32591 25.581655968385835
33101 14.692803064492441
34088 33.75519742095572
34187 31.494712829589844
34379 67.51039484191143
34625 29.385606128984882
34663 31.494712829589844
35054 15.747356414794922
35198 15.747356414794922
35520 31.494712829589844
35555 33.75519742095572
35685 33.75519742095572
35907 15.747356414794922
36193 31.494712829589844
36241 31.494712829589844
37593 67.51039484191143
37893 33.75519742095572
38372 33.75519742095572
38410 15.747356414794922
38575 33.75519742095572
38678 12.790827984192916
38932 13.708869997324554
39298 15.747356414794922
39560 33.75519742095572
39951 31.494712829589844
40438 33.75519742095572
40649 12.790827984192916
40958 33.75519742095572
41085 31.494712829589844
41156 15.747356414794922
41928 33.75519742095572
42126 33.75519742095572
42312 15.747356414794922
42670 27.417739994649107
42921 33.75519742095572
42963 14.692803064492441
43572 15.747356414794922
43940 33.75519742095572
44050 33.75519742095572
44247 29.385606128984882
44379 33.75519742095572
44401 33.75519742095572
44947 13.708869997324554
45654 31.494712829589844
46182 15.747356414794922
46754 15.747356414794922
47396 33.75519742095572
47916 33.75519742095572
48159 155.09815900020797
48187 72.35584963690772
48532 13.708869997324554
48572 14.692803064492441
48715 31.494712829589844
48989 29.385606128984882
49385 27.417739994649114
49438 33.75519742095572
49546 14.692803064492441
49745 33.75519742095572
49748 29.385606128984882
49855 31.494712829589844
49871 29.385606128984882
50271 15.747356414794922
50423 33.75519742095572
50872 14.692803064492441
51257 31.494712829589844
51333 15.747356414794922
51734 14.692803064492441
51866 15.747356414794922
52301 33.75519742095572
52489 72.35584963690772
52671 14.692803064492441
52979 33.75519742095572
53181 14.692803064492441
53501 33.75519742095572
53663 155.09815900020797
53697 33.75519742095572
53826 72.35584963690772
53924 15.747356414794922
54141 33.75519742095572
54362 33.75519742095572
54414 33.75519742095572
54752 13.708869997324554
55100 67.51039484191143
55431 72.35584963690772
55613 14.692803064492441
55635 31.494712829589844
55777 15.747356414794922
55907 31.494712829589844
56138 15.747356414794922
56402 62.98942565917969
56672 33.75519742095572
56727 14.692803064492441
57051 72.35584963690772
57220 33.75519742095572
57292 15.747356414794922
57558 14.692803064492441
57560 33.75519742095572
57632 29.385606128984882
57817 33.75519742095572
57874 67.51039484191143
58002 33.75519742095572
58143 33.75519742095572
58305 33.75519742095572
58544 29.385606128984882
58853 33.75519742095572
58937 14.692803064492441
58981 33.75519742095572
59163 33.75519742095572
59197 31.494712829589844
59859 72.35584963690772
59872 29.385606128984882
60113 13.708869997324554
60254 27.417739994649107
60502 15.747356414794922
60545 67.51039484191143
60547 33.75519742095572
60765 67.51039484191143
60803 33.75519742095572
61096 14.692803064492441
61207 33.75519742095572
61262 14.692803064492441
61306 14.692803064492441
61325 62.98942565917969
61561 31.494712829589844
62031 31.494712829589844
62105 14.692803064492441
62126 13.708869997324554
62517 67.51039484191143
62819 15.747356414794922
62913 12.790827984192916
63099 33.75519742095572
63636 33.75519742095572
63665 62.98942565917969
63893 33.75519742095572
64038 31.494712829589844
64058 62.98942565917969
64096 13.708869997324554
64442 14.692803064492441
64610 29.385606128984882
64818 29.385606128984882
64835 155.09815900020797
65012 33.75519742095572
65087 31.494712829589844
65091 13.708869997324554
65346 67.51039484191143
65359 72.35584963690772
65604 15.747356414794922
65630 33.75519742095572
65750 29.385606128984882
65849 67.51039484191143
66480 14.692803064492441
66555 72.35584963690772
66590 72.35584963690772
66675 155.09815900020797
66676 31.494712829589844
66704 33.75519742095572
66755 13.708869997324554
66789 33.75519742095572
66793 72.35584963690772
66898 33.75519742095572
67014 72.35584963690772
67082 29.385606128984882
67166 15.747356414794922
67527 72.35584963690772
67655 31.494712829589844
67771 31.494712829589844
67869 72.35584963690772
67976 11.934264498324229
68212 33.75519742095572
68216 29.385606128984882
68234 29.385606128984882
68261 31.494712829589844
68563 144.71169927381544
68572 33.75519742095572
68645 33.75519742095572
68700 25.581655968385835
68755 33.75519742095572
68845 31.494712829589844
68870 33.75519742095572
69078 14.692803064492441
69090 67.51039484191143
69101 33.75519742095572
69131 31.494712829589844
69229 62.98942565917969
69253 125.97885131835938
69763 14.692803064492441
69773 33.75519742095572
69780 31.494712829589844
69906 144.71169927381544
70048 14.692803064492441
70206 15.747356414794922
70411 62.98942565917969
70562 135.02078968382287
70597 33.75519742095572
70681 15.747356414794922
70720 33.75519742095572
70739 15.747356414794922
70839 14.692803064492441
70909 33.75519742095572
71030 33.75519742095572
71044 67.51039484191143
71048 33.75519742095572
71063 31.494712829589844
71106 15.747356414794922
71151 67.51039484191143
71171 58.771212257969765
71192 29.385606128984882
71237 33.75519742095572
71375 72.35584963690772
71487 29.385606128984882
71616 31.494712829589844
71676 67.51039484191143
71816 29.385606128984882
71989 67.51039484191143
72089 72.35584963690772
72180 67.51039484191143
72193 33.75519742095572
72225 31.494712829589844
72352 31.494712829589844
72403 33.75519742095572
72524 31.494712829589844
72526 31.494712829589844
72529 33.75519742095572
73032 67.51039484191143
73033 67.51039484191143
73084 155.09815900020797
73094 33.75519742095572
73230 72.35584963690772
73418 14.692803064492441
73493 67.51039484191143
73532 67.51039484191143
73615 67.51039484191143
73699 31.494712829589844
73748 31.494712829589844
73765 33.75519742095572
73884 33.75519742095572
73981 25.58165596838583
74034 67.51039484191143
74208 33.75519742095572
74299 31.494712829589844
74313 31.494712829589844
74334 67.51039484191143
74431 33.75519742095572
74931 27.417739994649107
75011 15.747356414794922
75175 13.708869997324554
75216 33.75519742095572
75362 15.747356414794922
75432 33.75519742095572
75536 155.09815900020797
75671 29.385606128984882
75687 33.75519742095572
75695 33.75519742095572
75734 33.75519742095572
75763 31.494712829589844
75871 62.98942565917969
75874 31.494712829589844
76302 72.35584963690772
76526 31.494712829589844
76576 67.51039484191143
76601 72.35584963690772
76640 33.75519742095572
76679 31.494712829589844
76709 13.708869997324554
76724 67.51039484191143
76729 15.747356414794922
76806 33.75519742095572
76907 29.385606128984882
76953 33.75519742095572
77042 31.494712829589844
77062 144.71169927381544
77128 29.385606128984882
77439 72.35584963690772
77450 33.75519742095572
77495 33.75519742095572
77985 29.385606128984882
77990 67.51039484191143
78125 33.75519742095572
78187 33.75519742095572
78408 14.692803064492441
78442 33.75519742095572
78447 31.494712829589844
78544 33.75519742095572
78659 72.35584963690772
78664 15.747356414794922
78705 33.75519742095572
78718 33.75519742095572
78943 14.692803064492441
79062 72.35584963690772
79206 31.494712829589844
79300 135.02078968382287
79371 33.75519742095572
79407 155.09815900020797
79736 31.494712829589844
79773 33.75519742095572
80300 33.75519742095572
80409 72.35584963690772
80653 31.494712829589844
80838 72.35584963690772
80869 29.385606128984882
81108 62.98942565917969
81240 72.35584963690772
81255 31.494712829589844
81278 31.494712829589844
81344 29.385606128984882
81359 29.385606128984882
81468 14.692803064492441
81577 72.35584963690772
81692 29.385606128984882
81849 33.75519742095572
81858 31.494712829589844
81976 33.75519742095572
82471 72.35584963690772
82664 67.51039484191143
82677 72.35584963690772
82713 31.494712829589844
82905 33.75519742095572
83022 72.35584963690772
83075 33.75519742095572
83400 72.35584963690772
83439 33.75519742095572
83463 67.51039484191143
83569 72.35584963690772
83700 29.385606128984882
83754 33.75519742095572
83781 125.97885131835938
83784 33.75519742095572
83840 33.75519742095572
83871 144.71169927381544
83896 33.75519742095572
83905 15.747356414794922
83917 155.09815900020797
83918 62.98942565917969
84063 67.51039484191143
84144 13.708869997324554
84348 31.494712829589844
84392 31.494712829589844
84505 33.75519742095572
84791 29.385606128984882
84805 33.75519742095572
84888 72.35584963690772
85287 62.98942565917969
85461 15.747356414794922
85594 155.09815900020797
85660 155.09815900020797
85666 12.790827984192916
85669 33.75519742095572
85695 33.75519742095572
85771 31.494712829589844
85793 33.75519742095572
85880 72.35584963690772
85935 72.35584963690772
85938 58.771212257969765
85992 33.75519742095572
86010 155.09815900020797
86271 31.494712829589844
86322 67.51039484191143
86523 33.75519742095572
86683 62.98942565917969
86768 72.35584963690772
86786 14.692803064492441
86966 72.35584963690772
87006 15.747356414794922
87064 33.75519742095572
87195 33.75519742095572
87351 72.35584963690772
87452 72.35584963690772