9589 15.747356414794922
11073 15.747356414794922
12575 13.708869997324554
14881 13.708869997324554
17290 13.708869997324554
18551 14.692803064492441
18697 13.708869997324554
19437 15.747356414794922
19533 15.747356414794922
20834 15.747356414794922
21046 33.75519742095572
21072 13.708869997324554
21416 29.385606128984882
21650 62.98942565917969
22165 15.747356414794922
22916 15.747356414794922
23596 15.747356414794922
23867 15.747356414794922
24134 14.692803064492441
24674 13.708869997324554
26528 15.747356414794922
26771 15.747356414794922
26810 14.692803064492441
27416 11.934264498324229
28618 15.747356414794922
28980 15.747356414794922
29077 15.747356414794922
29597 31.494712829589844
29636 58.771212257969765
30275 31.494712829589844
30603 23.868528996648458
31111 14.692803064492441
31240 15.747356414794922
32220 33.75519742095572
32716 33.75519742095572
33102 14.692803064492441
33575 25.58165596838583
34269 33.75519742095572
34460 14.692803064492441
35802 15.747356414794922
35860 72.35584963690772
36137 15.747356414794922
36147 33.75519742095572
36300 27.417739994649107
36497 15.747356414794922
36862 33.75519742095572
38188 13.708869997324554
39139 29.385606128984882
39142 29.385606128984882
39225 14.692803064492441
39268 15.747356414794922
39767 31.494712829589844
39804 14.692803064492441
39865 15.747356414794922
40337 15.747356414794922
40381 12.790827984192916
40445 31.494712829589844
40487 15.747356414794922
40523 14.692803064492441
41545 33.75519742095572
41801 58.771212257969765
42030 11.934264498324229
42199 15.747356414794922
42455 14.692803064492441
42514 15.747356414794922
43230 14.692803064492441
43267 15.747356414794922
43530 14.692803064492441
43596 31.494712829589844
43753 62.98942565917969
44304 33.75519742095572
44882 13.708869997324554
44885 14.692803064492441
45302 54.835479989298214
45351 33.75519742095572
45956 13.708869997324554
46281 15.747356414794922
46325 29.385606128984882
46338 12.790827984192916
46375 33.75519742095572
46728 15.747356414794922
47054 15.747356414794922
47373 15.747356414794922
47717 29.385606128984882
48014 14.692803064492441
48278 29.385606128984882
48465 51.16331193677166
48697 14.692803064492441
49562 31.494712829589844
49612 58.771212257969765
49710 15.747356414794922
49729 14.692803064492441
49752 13.708869997324554
50196 58.771212257969765
50200 29.385606128984882
50212 62.98942565917969
50427 62.98942565917969
50694 72.35584963690772
51070 27.417739994649107
51408 62.98942565917969
51805 29.385606128984882
52445 58.771212257969765
52471 62.98942565917969
52522 33.75519742095572
52548 27.417739994649107
53290 29.385606128984882
53452 13.708869997324554
53571 14.692803064492441
53693 33.75519742095572
53990 15.747356414794922
54084 58.771212257969765
54207 31.494712829589844
54336 14.692803064492441
54513 62.98942565917969
54548 62.98942565917969
54569 58.771212257969765
54949 58.771212257969765
55086 14.692803064492441
55598 31.494712829589844
55737 13.708869997324554
55748 117.54242451593953
55861 31.494712829589844
55885 14.692803064492441
56501 31.494712829589844
56775 13.708869997324554
57309 15.747356414794922
57314 33.75519742095572
57498 62.98942565917969
57592 31.494712829589844
57727 14.692803064492441
57750 13.708869997324554
57818 29.385606128984882
57857 109.67095997859646
57911 58.771212257969765
58855 33.75519742095572
58896 62.98942565917969
59209 15.747356414794922
59264 29.385606128984882
59317 14.692803064492441
59509 14.692803064492441
59517 135.02078968382287
59668 33.75519742095572
59808 15.747356414794922
59861 72.35584963690772
60370 15.747356414794922
60523 29.385606128984882
60618 117.54242451593953
60693 27.417739994649107
60753 14.692803064492441
61028 14.692803064492441
61061 62.98942565917969
61207 62.98942565917969
61416 29.385606128984882
61660 31.494712829589844
62098 58.771212257969765
62428 27.417739994649107
62862 29.385606128984882
63773 33.75519742095572
63809 58.771212257969765
63858 62.98942565917969
63875 15.747356414794922
63917 58.771212257969765
63948 33.75519742095572
64000 13.708869997324554
64047 51.16331193677166
64133 135.02078968382287
64160 29.385606128984882
64221 67.51039484191143
64492 109.67095997859643
64629 58.771212257969765
64762 14.692803064492441
64794 33.75519742095572
65180 31.494712829589844
65189 58.771212257969765
65364 14.692803064492441
65458 135.02078968382287
65609 33.75519742095572
65698 54.835479989298214
65756 15.747356414794922
65786 14.692803064492441
65981 15.747356414794922
66036 33.75519742095572
66038 29.385606128984882
66041 14.692803064492441
66208 15.747356414794922
66337 62.98942565917969
66599 54.835479989298214
66639 62.98942565917969
66701 33.75519742095572
66744 14.692803064492441
66745 14.692803064492441
66954 15.747356414794922
67249 62.98942565917969
67292 58.771212257969765
67303 15.747356414794922
67315 67.51039484191143
67455 62.98942565917969
67646 67.51039484191143
67678 14.692803064492441
67728 13.708869997324554
67930 33.75519742095572
67945 58.771212257969765
68132 58.771212257969765
68501 33.75519742095572
68546 54.835479989298214
68714 29.385606128984882
68721 58.771212257969765
68818 33.75519742095572
68853 62.98942565917969
68863 58.771212257969765
68870 62.98942565917969
68990 29.385606128984882
69011 33.75519742095572
69060 117.54242451593953
69217 125.97885131835938
69377 31.494712829589844
69451 14.692803064492441
69481 62.98942565917969
69531 135.02078968382287
69708 58.771212257969765
69889 15.747356414794922
69973 62.98942565917969
70067 67.51039484191143
70198 12.790827984192916
70310 31.494712829589844
70512 58.771212257969765
70518 58.771212257969765
70717 125.97885131835938
70904 62.98942565917969
70929 62.98942565917969
70980 125.97885131835938
71035 33.75519742095572
71059 58.771212257969765
71148 72.35584963690772
71280 29.385606128984882
71640 13.708869997324554
71758 31.494712829589844
71766 33.75519742095572
71779 58.771212257969765
72126 135.02078968382287
72222 135.02078968382287
72434 135.02078968382287
72519 62.98942565917969
72809 29.385606128984882
72874 33.75519742095572
72884 135.02078968382287
72962 62.98942565917969
72977 33.75519742095572
73267 29.385606128984882
73351 33.75519742095572
73441 29.385606128984882
73799 33.75519742095572
73802 135.02078968382287
73849 62.98942565917969
74055 54.835479989298214
74183 135.02078968382287
74279 31.494712829589844
74297 33.75519742095572
74310 62.98942565917969
74322 14.692803064492441
74332 14.692803064492441
74510 31.494712829589844
74529 135.02078968382287
74630 29.385606128984882
74668 33.75519742095572
74757 58.771212257969765
74789 62.98942565917969
74839 62.98942565917969
74889 54.835479989298214
74900 72.35584963690772
74911 117.54242451593953
75075 62.98942565917969
75082 31.494712829589844
75091 58.771212257969765
75135 109.67095997859643
75164 62.98942565917969
75166 62.98942565917969
75199 58.771212257969765
75339 54.835479989298214
75451 102.32662387354333
75548 31.494712829589844
75639 15.747356414794922
75653 14.692803064492441
75715 72.35584963690772
75839 31.494712829589844
76211 58.771212257969765
76332 54.835479989298214
76338 15.747356414794922
76545 33.75519742095572
76681 54.835479989298214
76714 33.75519742095572
76805 62.98942565917969
76826 33.75519742095572
76837 31.494712829589844
76852 31.494712829589844
76854 109.67095997859643
76859 58.771212257969765
76997 29.385606128984882
77008 15.747356414794922
77172 58.771212257969765
77199 33.75519742095572
77353 58.771212257969765
77422 15.747356414794922
77480 33.75519742095572
77544 33.75519742095572
77871 62.98942565917969
77875 31.494712829589844
78013 62.98942565917969
78226 58.771212257969765
78243 13.708869997324554
78318 33.75519742095572
78349 58.771212257969765
78498 14.692803064492441
78872 72.35584963690772
79088 25.58165596838583
79101 62.98942565917969
79318 58.771212257969765
79324 58.771212257969765
79604 54.835479989298214
79747 15.747356414794922
79861 29.385606128984882
79902 62.98942565917969
80053 54.835479989298214
80083 54.835479989298214
80101 33.75519742095572
80134 15.747356414794922
80205 117.54242451593953
80242 51.16331193677166
80284 31.494712829589844
80295 31.494712829589844
80373 109.67095997859643
80401 33.75519742095572
80415 109.67095997859643
80440 29.385606128984882
80561 58.771212257969765
80677 135.02078968382287
80849 58.771212257969765
80956 14.692803064492441
81050 117.54242451593953
81057 14.692803064492441
81224 58.771212257969765
81308 117.54242451593953
81345 58.771212257969765
81448 15.747356414794922
81535 117.54242451593953
81557 270.04157936764574
81672 29.385606128984882
81702 15.747356414794922
81876 62.98942565917969
82123 62.98942565917969
82306 72.35584963690772
82388 33.75519742095572
82402 58.771212257969765
82432 62.98942565917969
82433 62.98942565917969
82487 117.54242451593953
82678 135.02078968382287
82745 58.771212257969765
82811 15.747356414794922
82893 125.97885131835938
83497 58.771212257969765
83499 135.02078968382287
83785 14.692803064492441
83810 33.75519742095572
83881 33.75519742095572
83897 54.835479989298214
83998 15.747356414794922
84036 33.75519742095572
84072 31.494712829589844
84167 62.98942565917969
84229 29.385606128984882
84514 29.385606128984882
84658 27.417739994649107
84813 29.385606128984882
84857 13.708869997324554
84880 29.385606128984882
84889 54.835479989298214
84997 58.771212257969765
85106 33.75519742095572
85132 31.494712829589844
85184 58.771212257969765
85225 14.692803064492441
85254 58.771212257969765
85275 54.835479989298214
85313 54.835479989298214
85319 117.54242451593953
85436 31.494712829589844
85642 58.771212257969765
85713 62.98942565917969
86042 31.494712829589844
86201 31.494712829589844
86305 33.75519742095572
86538 135.02078968382287
86809 62.98942565917969
86998 58.771212257969765
87055 62.98942565917969
87290 14.692803064492441
87380 62.98942565917969
87502 135.02078968382287
87543 15.747356414794922