2517 14.692803064492441
3315 13.708869997324554
3705 13.708869997324554
5673 14.692803064492441
6348 33.75519742095572
7494 14.692803064492441
12406 14.692803064492441
15266 13.708869997324554
15936 13.708869997324554
16244 15.747356414794922
16568 14.692803064492441
17347 15.747356414794922
19624 15.747356414794922
20026 33.75519742095572
20722 29.385606128984882
21189 33.75519742095572
23166 14.692803064492441
23818 14.692803064492441
23917 14.692803064492441
24686 31.494712829589844
24929 33.75519742095572
25540 13.708869997324554
26183 15.747356414794922
27639 29.385606128984882
28007 14.692803064492441
28277 14.692803064492441
28477 15.747356414794922
28591 67.51039484191143
28624 31.494712829589844
30437 33.75519742095572
30867 13.708869997324554
32576 33.75519742095572
32722 31.494712829589844
33220 31.494712829589844
33652 29.385606128984882
33822 31.494712829589844
34320 27.417739994649107
34365 14.692803064492441
35054 67.51039484191143
35121 72.35584963690772
35716 15.747356414794922
36292 29.385606128984882
36813 31.494712829589844
36881 67.51039484191143
37641 15.747356414794922
37775 13.708869997324554
38310 31.494712829589844
38314 31.494712829589844
38340 11.934264498324229
38556 14.692803064492441
38887 33.75519742095572
38972 14.692803064492441
39101 33.75519742095572
39200 14.692803064492441
39527 31.494712829589844
39551 15.747356414794922
40057 72.35584963690772
40132 33.75519742095572
40288 14.692803064492441
40560 33.75519742095572
41430 33.75519742095572
41643 31.494712829589844
42257 15.747356414794922
42299 31.494712829589844
42601 31.494712829589844
42602 67.51039484191143
42665 14.692803064492441
43817 72.35584963690772
44506 72.35584963690772
45962 62.98942565917969
46190 33.75519742095572
46198 13.708869997324554
46279 31.494712829589844
46772 62.98942565917969
47000 67.51039484191143
47024 31.494712829589844
47113 33.75519742095572
47183 67.51039484191143
47493 31.494712829589844
47944 72.35584963690772
48612 72.35584963690772
48665 15.747356414794922
48675 72.35584963690772
48807 14.692803064492441
48833 72.35584963690772
49079 72.35584963690772
49118 31.494712829589844
49194 72.35584963690772
49389 14.692803064492441
50116 72.35584963690772
50201 29.385606128984882
50584 29.385606128984882
50782 31.494712829589844
50827 13.708869997324554
51015 33.75519742095572
51115 33.75519742095572
51465 72.35584963690772
51638 144.71169927381544
51748 14.692803064492441
51840 31.494712829589844
52036 33.75519742095572
52052 62.98942565917969
52187 31.494712829589844
52709 72.35584963690772
52859 72.35584963690772
52862 67.51039484191143
52988 33.75519742095572
53159 33.75519742095572
53277 72.35584963690772
53440 29.385606128984882
53529 72.35584963690772
53755 31.494712829589844
53962 31.494712829589844
53966 67.51039484191143
54141 14.692803064492441
54210 67.51039484191143
54298 144.71169927381544
54553 67.51039484191143
54555 29.385606128984882
54703 155.09815900020797
54885 33.75519742095572
54933 14.692803064492441
55261 72.35584963690772
55304 72.35584963690772
55461 67.51039484191143
55657 33.75519742095572
56104 72.35584963690772
56108 72.35584963690772
56206 67.51039484191143
56217 72.35584963690772
56380 72.35584963690772
56486 33.75519742095572
56536 29.385606128984882
56571 67.51039484191143
56581 33.75519742095572
56652 33.75519742095572
56860 72.35584963690772
56924 33.75519742095572
57023 67.51039484191143
57405 155.09815900020797
57562 72.35584963690772
57610 31.494712829589844
57648 14.692803064492441
57958 67.51039484191143
58026 31.494712829589844
58103 72.35584963690772
58533 72.35584963690772
58690 144.71169927381544
58844 72.35584963690772
59238 31.494712829589844
59363 72.35584963690772
59509 62.98942565917969
59681 31.494712829589844
59778 33.75519742095572
59860 72.35584963690772
60003 33.75519742095572
60378 33.75519742095572
60644 72.35584963690772
60923 31.494712829589844
60937 67.51039484191143
61035 14.692803064492441
61379 31.494712829589844
61445 72.35584963690772
61563 67.51039484191143
61648 27.417739994649107
61742 72.35584963690772
61756 33.75519742095572
62278 72.35584963690772
62404 33.75519742095572
62543 33.75519742095572
62562 72.35584963690772
62631 62.98942565917969
62732 54.835479989298214
62838 72.35584963690772
63111 72.35584963690772
63130 58.771212257969765
63334 72.35584963690772
63501 67.51039484191143
63556 67.51039484191143
63566 72.35584963690772
63608 155.09815900020797
63668 72.35584963690772
63702 31.494712829589844
63856 67.51039484191143
63929 14.692803064492441
63953 72.35584963690772
64015 31.494712829589844
64161 33.75519742095572
64185 62.98942565917969
64489 31.494712829589844
64566 332.46018180931486
64635 135.02078968382287
64687 33.75519742095572
64750 67.51039484191143
64755 62.98942565917969
65017 67.51039484191143
65067 72.35584963690772
65092 155.09815900020797
65276 33.75519742095572
65496 33.75519742095572
65830 72.35584963690772
65859 155.09815900020797
66041 33.75519742095572
66052 62.98942565917969
66110 67.51039484191143
66238 67.51039484191143
66280 72.35584963690772
66648 67.51039484191143
66699 31.494712829589844
66740 31.494712829589844
66940 14.692803064492441
67082 15.747356414794922
67130 67.51039484191143
67289 31.494712829589844
67506 31.494712829589844
67572 72.35584963690772
67588 67.51039484191143
67600 11.934264498324229
67706 14.692803064492441
67989 72.35584963690772
68015 14.692803064492441
68067 155.09815900020797
68083 67.51039484191143
68203 72.35584963690772
68549 67.51039484191143
68550 67.51039484191143
68672 31.494712829589844
68775 31.494712829589844
68801 67.51039484191143
68841 67.51039484191143
68849 72.35584963690772
69012 33.75519742095572
69052 72.35584963690772
69166 31.494712829589844
69265 72.35584963690772
69372 72.35584963690772
69411 29.385606128984882
69451 14.692803064492441
69636 67.51039484191143
69676 72.35584963690772
69683 33.75519742095572
69806 15.747356414794922
69967 62.98942565917969
70090 33.75519742095572
70099 144.71169927381544
70157 72.35584963690772
70239 67.51039484191143
70289 67.51039484191143
70328 33.75519742095572
70450 29.385606128984882
70550 155.09815900020797
70570 67.51039484191143
70848 15.747356414794922
70958 72.35584963690772
71173 67.51039484191143
71254 67.51039484191143
71307 72.35584963690772
71309 72.35584963690772
72008 67.51039484191143
72078 155.09815900020797
72345 31.494712829589844
72381 72.35584963690772
72496 72.35584963690772
72623 33.75519742095572
72655 72.35584963690772
72657 62.98942565917969
72658 72.35584963690772
72736 14.692803064492441
72773 144.71169927381544
73009 33.75519742095572
73014 31.494712829589844
73035 62.98942565917969
73100 14.692803064492441
73149 67.51039484191143
73440 14.692803064492441
73457 72.35584963690772
73605 14.692803064492441
73822 33.75519742095572
73824 72.35584963690772
73845 67.51039484191143
73915 155.09815900020797
73956 72.35584963690772
74029 33.75519742095572
74043 31.494712829589844
74193 67.51039484191143
74266 67.51039484191143
74352 67.51039484191143
74463 67.51039484191143
74566 144.71169927381544
74606 72.35584963690772
74770 67.51039484191143
74774 67.51039484191143
74792 33.75519742095572
75018 67.51039484191143
75026 72.35584963690772
75088 27.417739994649107
75231 67.51039484191143
75286 58.771212257969765
75319 72.35584963690772
75393 62.98942565917969
75664 67.51039484191143
75773 67.51039484191143
75939 72.35584963690772
75943 15.747356414794922
75976 72.35584963690772
75980 15.747356414794922
76114 72.35584963690772
76230 72.35584963690772
76283 67.51039484191143
76328 67.51039484191143
76382 135.02078968382287
76442 72.35584963690772
76488 155.09815900020797
76510 72.35584963690772
76795 67.51039484191143
76930 72.35584963690772
76993 31.494712829589844
77157 72.35584963690772
77249 125.97885131835938
77418 72.35584963690772
77503 67.51039484191143
77513 72.35584963690772
77524 67.51039484191143
77526 72.35584963690772
77718 135.02078968382287
77755 72.35584963690772
77833 72.35584963690772
78228 72.35584963690772
78399 13.708869997324554
78559 62.98942565917969
78859 67.51039484191143
78992 72.35584963690772
79363 72.35584963690772
79428 67.51039484191143
79614 15.747356414794922
79623 67.51039484191143
79906 14.692803064492441
80061 62.98942565917969
80063 67.51039484191143
80291 72.35584963690772
80510 31.494712829589844
80678 14.692803064492441
80728 67.51039484191143
80760 67.51039484191143
80812 67.51039484191143
80968 67.51039484191143
80982 72.35584963690772
81102 135.02078968382287
81132 72.35584963690772
81223 144.71169927381544
81793 67.51039484191143
81837 31.494712829589844
81847 67.51039484191143
82042 72.35584963690772
82333 29.385606128984882
82355 67.51039484191143
82626 33.75519742095572
82667 155.09815900020797
82673 155.09815900020797
82679 31.494712829589844
82714 33.75519742095572
82731 72.35584963690772
82831 67.51039484191143
82885 72.35584963690772
83055 67.51039484191143
83120 58.771212257969765
83160 72.35584963690772
83560 27.417739994649107
83623 67.51039484191143
83818 72.35584963690772
83827 31.494712829589844
83856 72.35584963690772
83860 31.494712829589844
83906 72.35584963690772
83939 62.98942565917969
84262 67.51039484191143
84284 155.09815900020797
84295 33.75519742095572
84344 67.51039484191143
84380 67.51039484191143
84492 67.51039484191143
84496 62.98942565917969
84517 144.71169927381544
84650 29.385606128984882
84726 72.35584963690772
84735 33.75519742095572
84807 31.494712829589844
84869 67.51039484191143
84895 31.494712829589844
85102 135.02078968382287
85336 15.747356414794922
85400 33.75519742095572
85479 58.771212257969765
85768 67.51039484191143
85811 62.98942565917969
85842 72.35584963690772
85865 31.494712829589844
85971 14.692803064492441
86023 144.71169927381544
86169 12.790827984192916