11359 14.692803064492441
15295 14.692803064492441
15470 15.747356414794922
16404 14.692803064492441
16610 14.692803064492441
17243 15.747356414794922
17991 15.747356414794922
20783 14.692803064492441
20810 31.494712829589844
21938 15.747356414794922
24041 13.708869997324554
25347 15.747356414794922
26079 15.747356414794922
27387 14.692803064492441
27661 13.708869997324554
28093 15.747356414794922
28462 12.790827984192916
28545 27.417739994649107
28962 13.708869997324554
29366 13.708869997324554
29979 14.692803064492441
30387 14.692803064492441
30425 14.692803064492441
31383 15.747356414794922
31934 15.747356414794922
32039 14.692803064492441
32650 15.747356414794922
32734 14.692803064492441
33069 12.790827984192916
33912 15.747356414794922
34190 12.790827984192916
35250 14.692803064492441
35322 14.692803064492441
35794 13.708869997324554
35855 13.708869997324554
37525 13.708869997324554
37729 31.494712829589844
37880 14.692803064492441
38825 31.494712829589844
38984 15.747356414794922
39161 14.692803064492441
39474 14.692803064492441
39765 14.692803064492441
39784 14.692803064492441
39976 13.708869997324554
40153 14.692803064492441
40644 15.747356414794922
41675 31.494712829589844
42517 15.747356414794922
42877 15.747356414794922
43300 15.747356414794922
43325 15.747356414794922
43385 14.692803064492441
43629 13.708869997324554
44470 13.708869997324554
44646 14.692803064492441
44916 13.708869997324554
44960 29.385606128984882
45274 11.934264498324229
45342 12.790827984192916
45891 15.747356414794922
46386 13.708869997324554
46390 15.747356414794922
46974 14.692803064492441
47036 14.692803064492441
47180 14.692803064492441
47299 13.708869997324554
47760 14.692803064492441
48119 14.692803064492441
48120 15.747356414794922
48238 15.747356414794922
48464 14.692803064492441
48858 25.58165596838583
48920 13.708869997324554
49040 14.692803064492441
49337 29.385606128984882
49492 13.708869997324554
49550 15.747356414794922
49596 33.75519742095572
49785 15.747356414794922
49882 14.692803064492441
50320 31.494712829589844
50623 13.708869997324554
50896 31.494712829589844
51153 13.708869997324554
51173 58.771212257969765
51412 31.494712829589844
51471 15.747356414794922
51543 14.692803064492441
51762 13.708869997324554
51804 13.708869997324554
51995 14.692803064492441
52035 13.708869997324554
52470 14.692803064492441
52649 33.75519742095572
52780 14.692803064492441
52917 14.692803064492441
53303 13.708869997324554
53872 33.75519742095572
53887 14.692803064492441
53905 13.708869997324554
53912 13.708869997324554
54073 31.494712829589844
54353 67.51039484191143
54428 29.385606128984882
54606 14.692803064492441
54733 15.747356414794922
55150 13.708869997324554
55436 14.692803064492441
55514 13.708869997324554
55610 13.708869997324554
56372 15.747356414794922
56601 12.790827984192916
57024 15.747356414794922
57115 15.747356414794922
57167 12.790827984192916
57698 13.708869997324554
57872 14.692803064492441
58038 29.385606128984882
58096 31.494712829589844
58125 12.790827984192916
58265 15.747356414794922
58532 14.692803064492441
58673 14.692803064492441
58885 13.708869997324554
59113 13.708869997324554
59146 15.747356414794922
59208 12.790827984192916
59228 14.692803064492441
59293 14.692803064492441
59402 14.692803064492441
59457 14.692803064492441
59463 31.494712829589844
59580 31.494712829589844
59598 15.747356414794922
59653 14.692803064492441
60781 14.692803064492441
60959 14.692803064492441
61224 13.708869997324554
61238 29.385606128984882
61308 31.494712829589844
61582 14.692803064492441
61670 29.385606128984882
61798 13.708869997324554
62257 31.494712829589844
62471 31.494712829589844
62698 12.790827984192916
62711 31.494712829589844
63093 31.494712829589844
63124 13.708869997324554
63272 14.692803064492441
63792 29.385606128984882
64058 15.747356414794922
64171 15.747356414794922
64467 13.708869997324554
64569 13.708869997324554
64695 14.692803064492441
65127 14.692803064492441
65487 25.581655968385835
66013 31.494712829589844
66195 33.75519742095572
66227 144.71169927381544
66531 29.385606128984882
66628 13.708869997324554
66688 13.708869997324554
66760 14.692803064492441
66846 33.75519742095572
66895 13.708869997324554
66896 29.385606128984882
67112 33.75519742095572
67474 15.747356414794922
67581 67.51039484191143
67613 33.75519742095572
67734 31.494712829589844
67745 27.417739994649107
67910 13.708869997324554
68001 13.708869997324554
68165 31.494712829589844
68174 31.494712829589844
68313 31.494712829589844
68603 14.692803064492441
68644 29.385606128984882
68688 14.692803064492441
68796 15.747356414794922
68988 33.75519742095572
69020 14.692803064492441
69045 31.494712829589844
69173 13.708869997324554
69468 29.385606128984882
69587 14.692803064492441
69654 12.790827984192916
69731 29.385606128984882
69762 14.692803064492441
69938 58.771212257969765
70074 13.708869997324554
70428 15.747356414794922
70579 14.692803064492441
70618 14.692803064492441
70638 31.494712829589844
70674 31.494712829589844
70686 13.708869997324554
70710 15.747356414794922
70843 14.692803064492441
70908 13.708869997324554
70914 29.385606128984882
70970 72.35584963690772
71029 13.708869997324554
71037 14.692803064492441
71409 31.494712829589844
71629 13.708869997324554
71711 72.35584963690772
71730 14.692803064492441
72055 12.790827984192916
72199 29.385606128984882
72303 14.692803064492441
72359 29.385606128984882
72488 14.692803064492441
72599 13.708869997324554
72683 15.747356414794922
72745 31.494712829589844
72806 14.692803064492441
72979 29.385606128984882
73158 13.708869997324554
73255 13.708869997324554
73564 31.494712829589844
73844 13.708869997324554
74175 27.417739994649107
74497 15.747356414794922
74671 14.692803064492441
74696 27.417739994649107
74844 14.692803064492441
74845 14.692803064492441
74962 31.494712829589844
75027 14.692803064492441
75279 14.692803064492441
75316 31.494712829589844
75361 14.692803064492441
75417 15.747356414794922
75522 31.494712829589844
75558 67.51039484191143
75587 14.692803064492441
75621 14.692803064492441
75662 33.75519742095572
75975 62.98942565917969
76051 27.417739994649107
76284 29.385606128984882
76338 29.385606128984882
76449 13.708869997324554
76577 67.51039484191143
77068 72.35584963690772
77233 31.494712829589844
77414 15.747356414794922
77526 15.747356414794922
77700 14.692803064492441
77707 15.747356414794922
77934 14.692803064492441
78247 33.75519742095572
78250 67.51039484191143
78511 11.934264498324229
78659 31.494712829589844
78786 31.494712829589844
79004 62.98942565917969
79141 33.75519742095572
79323 31.494712829589844
79356 33.75519742095572
79426 29.385606128984882
79701 13.708869997324554
79737 13.708869997324554
79810 33.75519742095572
80038 29.385606128984882
80108 15.747356414794922
80257 31.494712829589844
80272 29.385606128984882
80354 14.692803064492441
80474 14.692803064492441
80488 13.708869997324554
80529 33.75519742095572
80550 14.692803064492441
80592 15.747356414794922
80792 31.494712829589844
80804 33.75519742095572
81092 33.75519742095572
81323 15.747356414794922
81538 14.692803064492441
81562 29.385606128984882
81689 14.692803064492441
81879 33.75519742095572
82014 31.494712829589844
82020 14.692803064492441
82171 67.51039484191143
82551 15.747356414794922
82555 29.385606128984882
82618 13.708869997324554
82630 14.692803064492441
82669 15.747356414794922
82781 13.708869997324554
82851 14.692803064492441
82890 15.747356414794922
82978 11.13506250666297
83035 13.708869997324554
83092 31.494712829589844
83211 14.692803064492441
83236 67.51039484191143
83246 31.494712829589844
83258 14.692803064492441
83420 27.417739994649107
83494 67.51039484191143
83613 29.385606128984882
83656 15.747356414794922
83771 13.708869997324554
83871 67.51039484191143
83978 31.494712829589844
83988 67.51039484191143
84068 14.692803064492441
84153 14.692803064492441
84243 33.75519742095572
84284 15.747356414794922
84410 67.51039484191143
84424 14.692803064492441
84451 13.708869997324554
84469 14.692803064492441
84583 27.417739994649114
84628 14.692803064492441
84675 33.75519742095572
84768 31.494712829589844
85165 29.385606128984882
85172 14.692803064492441
85192 14.692803064492441
85231 27.417739994649107
85258 14.692803064492441
85261 67.51039484191143
85277 31.494712829589844
85310 14.692803064492441
85316 31.494712829589844
85329 67.51039484191143
85426 15.747356414794922
85453 13.708869997324554
85479 144.71169927381544
85611 15.747356414794922
85670 33.75519742095572
85825 31.494712829589844
85860 14.692803064492441
85934 15.747356414794922
86003 29.385606128984882
86010 13.708869997324554
86037 14.692803064492441
86083 62.98942565917969
86111 29.385606128984882
86134 14.692803064492441
86139 31.494712829589844
86144 31.494712829589844
86155 31.494712829589844
86191 25.581655968385835
86209 31.494712829589844
86215 27.417739994649107
86247 67.51039484191143
86303 14.692803064492441
86400 31.494712829589844
86474 15.747356414794922
86507 14.692803064492441
86774 15.747356414794922
86932 15.747356414794922
87160 29.385606128984882
87166 13.708869997324554
87181 29.385606128984882
87182 14.692803064492441
87371 14.692803064492441
87372 27.417739994649114
87620 25.581655968385835
87680 31.494712829589844
87766 14.692803064492441
87828 14.692803064492441
87959 33.75519742095572
87982 31.494712829589844
88413 15.747356414794922
88546 67.51039484191143
88568 13.708869997324554
88626 14.692803064492441
88704 13.708869997324554
88713 27.417739994649107
88804 14.692803064492441
88843 67.51039484191143
89139 29.385606128984882
89146 31.494712829589844
89192 27.417739994649107
89315 14.692803064492441
89396 14.692803064492441
89538 14.692803064492441
89559 29.385606128984882
89659 14.692803064492441
89791 14.692803064492441
89851 14.692803064492441
89933 15.747356414794922
89946 14.692803064492441
90038 62.98942565917969
90094 29.385606128984882
90162 14.692803064492441
90163 14.692803064492441
90479 14.692803064492441
90736 31.494712829589844