5790 15.747356414794922
10015 15.747356414794922
10542 13.708869997324554
10907 13.708869997324554
12209 33.75519742095572
12479 15.747356414794922
13803 14.692803064492441
14889 33.75519742095572
15904 15.747356414794922
16361 67.51039484191143
18164 33.75519742095572
18480 33.75519742095572
20196 33.75519742095572
20317 33.75519742095572
21546 33.75519742095572
21754 33.75519742095572
21887 31.494712829589844
22333 31.494712829589844
23067 15.747356414794922
23554 31.494712829589844
23559 31.494712829589844
25188 33.75519742095572
25818 33.75519742095572
25871 31.494712829589844
26802 31.494712829589844
28631 15.747356414794922
29304 15.747356414794922
29360 14.692803064492441
30243 15.747356414794922
30272 58.771212257969765
30715 67.51039484191143
31021 31.494712829589844
32756 58.771212257969765
33231 67.51039484191143
33628 67.51039484191143
34323 14.692803064492441
34435 31.494712829589844
34801 67.51039484191143
35417 67.51039484191143
36221 67.51039484191143
36287 33.75519742095572
36514 15.747356414794922
36719 31.494712829589844
37152 13.708869997324554
37158 33.75519742095572
37519 31.494712829589844
37776 14.692803064492441
37888 62.98942565917969
37900 33.75519742095572
38022 33.75519742095572
39256 31.494712829589844
39473 58.771212257969765
40105 135.02078968382287
40306 15.747356414794922
40379 72.35584963690772
40940 13.708869997324554
41074 67.51039484191143
41452 31.494712829589844
41494 31.494712829589844
41918 31.494712829589844
42483 58.771212257969765
42852 62.98942565917969
43350 125.97885131835938
43434 125.97885131835938
43497 14.692803064492441
43701 31.494712829589844
43731 67.51039484191143
43887 62.98942565917969
44044 67.51039484191143
44357 33.75519742095572
45256 14.692803064492441
45603 67.51039484191143
45674 33.75519742095572
46155 33.75519742095572
46199 33.75519742095572
47139 67.51039484191143
47501 33.75519742095572
47552 67.51039484191143
47762 62.98942565917969
48189 33.75519742095572
48334 125.97885131835938
48372 31.494712829589844
48386 58.771212257969765
49118 135.02078968382287
49560 33.75519742095572
50078 67.51039484191143
50430 62.98942565917969
50560 67.51039484191143
51004 31.494712829589844
51391 33.75519742095572
51419 72.35584963690772
51434 31.494712829589844
51456 31.494712829589844
52256 33.75519742095572
52529 117.54242451593953
52918 62.98942565917969
52925 72.35584963690772
53087 15.747356414794922
53654 62.98942565917969
53655 62.98942565917969
53862 62.98942565917969
54432 67.51039484191143
54574 33.75519742095572
54749 67.51039484191143
55067 62.98942565917969
55333 31.494712829589844
55360 135.02078968382287
55363 31.494712829589844
55385 72.35584963690772
55650 62.98942565917969
55667 67.51039484191143
55940 31.494712829589844
55949 155.09815900020797
56082 62.98942565917969
56263 125.97885131835938
56379 31.494712829589844
56440 67.51039484191143
56642 67.51039484191143
56795 72.35584963690772
56897 67.51039484191143
57422 72.35584963690772
58415 135.02078968382287
58629 15.747356414794922
58869 135.02078968382287
59154 14.692803064492441
59357 135.02078968382287
59578 58.771212257969765
59597 33.75519742095572
59625 15.747356414794922
59709 62.98942565917969
59774 31.494712829589844
59926 29.385606128984882
60239 109.67095997859643
60389 31.494712829589844
60429 135.02078968382287
60545 31.494712829589844
60775 33.75519742095572
60810 135.02078968382287
60892 33.75519742095572
60939 144.71169927381544
61151 62.98942565917969
61199 135.02078968382287
61210 67.51039484191143
61282 31.494712829589844
61390 62.98942565917969
61456 144.71169927381544
61469 31.494712829589844
61527 67.51039484191143
61645 58.771212257969765
61653 251.95770263671875
61700 31.494712829589844
61743 67.51039484191143
61829 270.04157936764574
61962 72.35584963690772
62040 31.494712829589844
62049 14.692803064492441
62064 67.51039484191143
62106 67.51039484191143
62154 135.02078968382287
62832 67.51039484191143
62905 67.51039484191143
63243 72.35584963690772
63268 67.51039484191143
63282 135.02078968382287
63458 62.98942565917969
63641 135.02078968382287
63704 67.51039484191143
63809 135.02078968382287
63917 62.98942565917969
64153 31.494712829589844
64356 33.75519742095572
64413 31.494712829589844
64544 144.71169927381544
64630 310.19631800041594
64804 31.494712829589844
64832 67.51039484191143
64982 67.51039484191143
65005 33.75519742095572
65156 58.771212257969765
65238 62.98942565917969
65244 117.54242451593953
65502 67.51039484191143
65515 31.494712829589844
65618 251.95770263671875
65649 67.51039484191143
65653 15.747356414794922
65753 72.35584963690772
65785 67.51039484191143
65792 72.35584963690772
65979 33.75519742095572
66089 135.02078968382287
66168 62.98942565917969
66289 67.51039484191143
66367 31.494712829589844
66735 125.97885131835938
66773 135.02078968382287
66992 67.51039484191143
67055 144.71169927381544
67176 15.747356414794922
67223 135.02078968382287
67260 125.97885131835938
67359 62.98942565917969
67372 72.35584963690772
67717 62.98942565917969
67804 33.75519742095572
67824 33.75519742095572
67963 135.02078968382287
68361 67.51039484191143
68473 72.35584963690772
68861 67.51039484191143
69063 155.09815900020797
69117 33.75519742095572
69140 67.51039484191143
69304 125.97885131835938
69320 33.75519742095572
69328 144.71169927381544
69477 62.98942565917969
69640 67.51039484191143
69658 144.71169927381544
69751 67.51039484191143
69811 31.494712829589844
69880 135.02078968382287
70003 135.02078968382287
70042 33.75519742095572
70060 135.02078968382287
70127 33.75519742095572
70169 135.02078968382287
70244 72.35584963690772
70299 14.692803064492441
70373 67.51039484191143
70467 67.51039484191143
70662 144.71169927381544
70722 310.19631800041594
70738 62.98942565917969
70832 31.494712829589844
71012 29.385606128984882
71126 310.19631800041594
71188 135.02078968382287
71215 62.98942565917969
71396 67.51039484191143
71579 67.51039484191143
71783 27.417739994649107
71958 58.771212257969765
72029 135.02078968382287
72179 135.02078968382287
72282 33.75519742095572
72332 135.02078968382287
72417 67.51039484191143
72446 144.71169927381544
72626 135.02078968382287
72836 67.51039484191143
72882 125.97885131835938
72952 33.75519742095572
73020 67.51039484191143
73249 135.02078968382287
73548 135.02078968382287
73581 135.02078968382287
73679 144.71169927381544
73763 144.71169927381544
73907 67.51039484191143
73916 33.75519742095572
73932 62.98942565917969
73962 72.35584963690772
73982 135.02078968382287
74024 33.75519742095572
74043 62.98942565917969
74180 31.494712829589844
74306 15.747356414794922
74307 15.747356414794922
74310 33.75519742095572
74523 67.51039484191143
74548 31.494712829589844
74678 144.71169927381544
74779 31.494712829589844
74916 58.771212257969765
75038 62.98942565917969
75123 62.98942565917969
75201 135.02078968382287
75212 33.75519742095572
75265 135.02078968382287
75353 125.97885131835938
75496 144.71169927381544
75549 144.71169927381544
75891 67.51039484191143
75902 67.51039484191143
75984 67.51039484191143
76036 72.35584963690772
76065 144.71169927381544
76201 135.02078968382287
76320 15.747356414794922
76374 72.35584963690772
76411 144.71169927381544
76461 144.71169927381544
76511 62.98942565917969
76559 33.75519742095572
76877 67.51039484191143
76888 144.71169927381544
76986 67.51039484191143
77016 144.71169927381544
77137 135.02078968382287
77176 33.75519742095572
77319 125.97885131835938
77341 62.98942565917969
77403 67.51039484191143
77442 58.771212257969765
77445 72.35584963690772
77619 67.51039484191143
77633 29.385606128984882
77749 135.02078968382287
77803 125.97885131835938
77883 135.02078968382287
78008 62.98942565917969
78155 135.02078968382287
78323 125.97885131835938
78333 125.97885131835938
78450 144.71169927381544
78493 33.75519742095572
78708 33.75519742095572
78753 62.98942565917969
79142 67.51039484191143
79162 31.494712829589844
79178 62.98942565917969
79213 135.02078968382287
79229 135.02078968382287
79255 33.75519742095572
79305 62.98942565917969
79732 31.494712829589844
79761 62.98942565917969
79815 72.35584963690772
79900 54.835479989298214
79907 135.02078968382287
80040 29.385606128984882
80113 33.75519742095572
80116 72.35584963690772
80234 125.97885131835938
80286 125.97885131835938
80343 31.494712829589844
80401 62.98942565917969
80464 144.71169927381544
80586 33.75519742095572
80688 135.02078968382287
80772 125.97885131835938
80786 67.51039484191143
80948 15.747356414794922
81108 144.71169927381544
81130 15.747356414794922
81132 135.02078968382287
81247 67.51039484191143
81280 31.494712829589844
81293 67.51039484191143
81597 144.71169927381544
81670 135.02078968382287
81686 135.02078968382287
81755 72.35584963690772
81799 125.97885131835938
81941 144.71169927381544
81953 310.19631800041594
82097 135.02078968382287
82136 33.75519742095572
82139 67.51039484191143
82143 62.98942565917969
82312 29.385606128984882
82432 67.51039484191143
82500 155.09815900020797
82506 14.692803064492441
82599 33.75519742095572
82631 62.98942565917969
82676 144.71169927381544
82866 67.51039484191143
83097 135.02078968382287
83153 67.51039484191143
83197 135.02078968382287
83215 67.51039484191143
83279 62.98942565917969
83317 144.71169927381544
83405 72.35584963690772
83453 135.02078968382287
83598 58.771212257969765
83640 62.98942565917969
83732 135.02078968382287
83762 31.494712829589844
83794 67.51039484191143
83812 62.98942565917969
83880 72.35584963690772
83929 67.51039484191143
84090 72.35584963690772
84288 67.51039484191143
84370 67.51039484191143
84394 135.02078968382287
84408 67.51039484191143
84427 135.02078968382287
84540 135.02078968382287
84768 33.75519742095572
84806 62.98942565917969
84950 67.51039484191143
84977 72.35584963690772
84994 15.747356414794922
84999 67.51039484191143
85140 135.02078968382287
85214 31.494712829589844