6458 14.692803064492441
9713 14.692803064492441
10701 15.747356414794922
13011 14.692803064492441
14039 13.708869997324554
16857 14.692803064492441
16863 14.692803064492441
18624 14.692803064492441
18882 33.75519742095572
21344 14.692803064492441
21459 31.494712829589844
22265 15.747356414794922
22566 14.692803064492441
22988 29.385606128984882
24379 14.692803064492441
24929 15.747356414794922
24994 13.708869997324554
26234 33.75519742095572
26945 14.692803064492441
27330 33.75519742095572
27476 29.385606128984882
27652 14.692803064492441
28682 14.692803064492441
29114 14.692803064492441
29268 15.747356414794922
29435 13.708869997324554
29687 29.385606128984882
30158 33.75519742095572
30164 13.708869997324554
30895 13.708869997324554
31184 14.692803064492441
31236 13.708869997324554
31726 31.494712829589844
32181 33.75519742095572
32413 13.708869997324554
32940 33.75519742095572
34482 31.494712829589844
34758 15.747356414794922
35143 15.747356414794922
35360 33.75519742095572
36490 33.75519742095572
37300 14.692803064492441
37581 31.494712829589844
37914 14.692803064492441
38389 14.692803064492441
38518 14.692803064492441
38614 14.692803064492441
38734 15.747356414794922
38828 14.692803064492441
39124 15.747356414794922
39667 15.747356414794922
39737 15.747356414794922
40173 14.692803064492441
41013 27.417739994649107
41113 14.692803064492441
41200 27.417739994649107
41218 14.692803064492441
41219 14.692803064492441
41289 14.692803064492441
41334 33.75519742095572
41561 31.494712829589844
41717 33.75519742095572
41812 31.494712829589844
42226 15.747356414794922
42883 31.494712829589844
42897 14.692803064492441
43001 29.385606128984882
43122 29.385606128984882
43525 14.692803064492441
43531 15.747356414794922
43575 14.692803064492441
43812 31.494712829589844
43840 33.75519742095572
44129 13.708869997324554
44516 33.75519742095572
44863 14.692803064492441
44989 31.494712829589844
45108 15.747356414794922
45180 27.417739994649107
45588 33.75519742095572
46032 67.51039484191143
46694 33.75519742095572
47137 15.747356414794922
47188 31.494712829589844
47240 14.692803064492441
47346 33.75519742095572
47528 15.747356414794922
47556 33.75519742095572
47615 15.747356414794922
48375 13.708869997324554
48581 14.692803064492441
49201 29.385606128984882
49454 15.747356414794922
49514 14.692803064492441
49591 13.708869997324554
49614 33.75519742095572
49701 33.75519742095572
50088 27.417739994649107
50231 13.708869997324554
50453 31.494712829589844
50517 29.385606128984882
50737 31.494712829589844
51084 15.747356414794922
51140 15.747356414794922
51319 15.747356414794922
51814 13.708869997324554
52134 31.494712829589844
52652 31.494712829589844
52959 14.692803064492441
52988 31.494712829589844
53118 33.75519742095572
53162 31.494712829589844
53657 33.75519742095572
53900 15.747356414794922
54455 31.494712829589844
54612 33.75519742095572
54774 15.747356414794922
55425 15.747356414794922
55887 33.75519742095572
56257 13.708869997324554
56857 27.417739994649107
56861 33.75519742095572
57204 33.75519742095572
57232 33.75519742095572
57612 62.98942565917969
58004 72.35584963690772
58428 11.934264498324229
58729 29.385606128984882
58974 29.385606128984882
59007 33.75519742095572
59049 14.692803064492441
59104 14.692803064492441
59130 33.75519742095572
59207 29.385606128984882
59249 31.494712829589844
59640 13.708869997324554
59717 33.75519742095572
60188 33.75519742095572
60373 14.692803064492441
60451 33.75519742095572
60500 33.75519742095572
60657 15.747356414794922
60851 13.708869997324554
61034 29.385606128984882
61384 33.75519742095572
61417 33.75519742095572
61604 33.75519742095572
61725 15.747356414794922
61780 14.692803064492441
61903 15.747356414794922
61916 14.692803064492441
62656 33.75519742095572
62750 33.75519742095572
62945 14.692803064492441
62981 31.494712829589844
63046 67.51039484191143
63162 33.75519742095572
63365 29.385606128984882
63867 14.692803064492441
64289 31.494712829589844
64297 15.747356414794922
64342 31.494712829589844
64799 15.747356414794922
64825 33.75519742095572
64912 67.51039484191143
64962 31.494712829589844
65185 31.494712829589844
65340 15.747356414794922
65380 33.75519742095572
65395 31.494712829589844
65403 14.692803064492441
65562 33.75519742095572
65776 14.692803064492441
65778 15.747356414794922
65848 31.494712829589844
66017 31.494712829589844
66049 29.385606128984882
66210 72.35584963690772
66394 31.494712829589844
66408 33.75519742095572
66481 33.75519742095572
67017 29.385606128984882
67045 31.494712829589844
67066 13.708869997324554
67128 29.385606128984882
67246 27.417739994649107
67453 13.708869997324554
67736 14.692803064492441
67970 33.75519742095572
68006 15.747356414794922
68134 15.747356414794922
68442 14.692803064492441
68486 15.747356414794922
68525 15.747356414794922
68607 27.417739994649107
69113 72.35584963690772
69310 31.494712829589844
69369 27.417739994649107
69568 33.75519742095572
69688 33.75519742095572
69771 33.75519742095572
69780 33.75519742095572
70044 33.75519742095572
70063 25.58165596838583
70176 29.385606128984882
70260 33.75519742095572
70362 33.75519742095572
70466 15.747356414794922
70658 31.494712829589844
70813 31.494712829589844
70865 15.747356414794922
70909 72.35584963690772
71669 31.494712829589844
71712 67.51039484191143
71863 14.692803064492441
72029 31.494712829589844
72073 13.708869997324554
72233 29.385606128984882
72402 15.747356414794922
72482 33.75519742095572
72534 14.692803064492441
72592 31.494712829589844
72806 33.75519742095572
72873 29.385606128984882
72923 14.692803064492441
72929 14.692803064492441
72977 31.494712829589844
73113 15.747356414794922
73155 33.75519742095572
73159 13.708869997324554
73354 13.708869997324554
73448 29.385606128984882
73545 33.75519742095572
73546 27.417739994649107
73568 13.708869997324554
73653 14.692803064492441
73829 14.692803064492441
73990 14.692803064492441
74216 33.75519742095572
74282 29.385606128984882
74329 72.35584963690772
74338 62.98942565917969
74354 67.51039484191143
74388 15.747356414794922
74396 33.75519742095572
74434 31.494712829589844
74589 72.35584963690772
74761 15.747356414794922
74884 14.692803064492441
74959 31.494712829589844
75258 13.708869997324554
75266 33.75519742095572
75300 14.692803064492441
75467 62.98942565917969
75781 15.747356414794922
75811 13.708869997324554
75828 11.934264498324229
75926 62.98942565917969
76250 14.692803064492441
76329 13.708869997324554
76439 14.692803064492441
76527 13.708869997324554
76604 33.75519742095572
76611 15.747356414794922
76659 31.494712829589844
76727 12.790827984192916
76788 13.708869997324554
76797 33.75519742095572
76884 33.75519742095572
77016 33.75519742095572
77020 31.494712829589844
77160 72.35584963690772
77283 14.692803064492441
77285 33.75519742095572
77306 14.692803064492441
77503 13.708869997324554
77521 33.75519742095572
77613 13.708869997324554
77701 31.494712829589844
77710 12.790827984192916
77887 15.747356414794922
78076 33.75519742095572
78081 15.747356414794922
78198 67.51039484191143
78209 33.75519742095572
78418 13.708869997324554
78446 14.692803064492441
78486 33.75519742095572
78519 33.75519742095572
78529 15.747356414794922
78570 31.494712829589844
78625 14.692803064492441
78729 31.494712829589844
78910 33.75519742095572
78960 15.747356414794922
79050 31.494712829589844
79255 31.494712829589844
79585 33.75519742095572
79587 72.35584963690772
79611 33.75519742095572
79622 31.494712829589844
79625 31.494712829589844
79809 33.75519742095572
79973 14.692803064492441
80098 13.708869997324554
80198 14.692803064492441
80311 67.51039484191143
80551 14.692803064492441
80631 13.708869997324554
80743 15.747356414794922
81039 33.75519742095572
81376 72.35584963690772
81408 33.75519742095572
81411 31.494712829589844
81483 14.692803064492441
81513 14.692803064492441
81549 33.75519742095572
81651 67.51039484191143
81716 29.385606128984882
81726 33.75519742095572
81807 13.708869997324554
81953 15.747356414794922
82114 72.35584963690772
82282 33.75519742095572
82308 67.51039484191143
82309 67.51039484191143
82394 14.692803064492441
82538 62.98942565917969
82838 31.494712829589844
82861 33.75519742095572
83008 33.75519742095572
83079 33.75519742095572
83090 33.75519742095572
83196 15.747356414794922
83307 12.790827984192916
83342 72.35584963690772
83443 13.708869997324554
83647 33.75519742095572
83669 72.35584963690772
84109 14.692803064492441
84177 33.75519742095572
84180 29.385606128984882
84186 29.385606128984882
84274 67.51039484191143
84334 14.692803064492441
84541 31.494712829589844
84575 72.35584963690772
84649 25.58165596838583
84909 33.75519742095572
85013 15.747356414794922
85106 62.98942565917969
85142 67.51039484191143
85295 33.75519742095572
85298 14.692803064492441
85333 14.692803064492441
85345 14.692803064492441
85443 33.75519742095572
85532 31.494712829589844
85559 33.75519742095572
85571 31.494712829589844
85704 15.747356414794922
85720 31.494712829589844
85772 33.75519742095572
85831 72.35584963690772
85838 15.747356414794922
85997 33.75519742095572
86069 14.692803064492441
86158 31.494712829589844
86360 72.35584963690772
86612 14.692803064492441
86616 15.747356414794922
86757 33.75519742095572
86805 33.75519742095572
86812 13.708869997324554
86837 13.708869997324554
87046 72.35584963690772
87104 33.75519742095572
87240 33.75519742095572
87273 15.747356414794922
87282 27.417739994649107
87384 12.790827984192916
87486 14.692803064492441
87514 13.708869997324554
87520 33.75519742095572
87575 33.75519742095572
87675 31.494712829589844
87767 72.35584963690772
87770 31.494712829589844
87819 27.417739994649107
87903 33.75519742095572
88002 14.692803064492441
88024 67.51039484191143
88089 13.708869997324554
88102 62.98942565917969
88147 15.747356414794922
88325 33.75519742095572
88514 14.692803064492441
88575 14.692803064492441
88777 31.494712829589844
88784 14.692803064492441