9524 15.747356414794922
13101 29.385606128984882
13210 31.494712829589844
13369 33.75519742095572
14739 15.747356414794922
15337 29.385606128984882
15826 31.494712829589844
16682 15.747356414794922
16932 15.747356414794922
17172 14.692803064492441
18010 15.747356414794922
18397 29.385606128984882
18513 33.75519742095572
18853 31.494712829589844
19105 29.385606128984882
19143 29.385606128984882
19766 31.494712829589844
19800 15.747356414794922
20963 29.385606128984882
21022 29.385606128984882
21611 29.385606128984882
22301 33.75519742095572
22810 31.494712829589844
23596 13.708869997324554
24030 15.747356414794922
24033 29.385606128984882
24290 33.75519742095572
25234 12.790827984192916
25757 33.75519742095572
25801 33.75519742095572
25844 33.75519742095572
26250 15.747356414794922
27256 29.385606128984882
27737 15.747356414794922
27743 15.747356414794922
28039 15.747356414794922
30019 33.75519742095572
30533 31.494712829589844
31561 67.51039484191143
31595 15.747356414794922
31627 31.494712829589844
32044 33.75519742095572
32569 33.75519742095572
33185 72.35584963690772
33397 29.385606128984882
34020 67.51039484191143
34152 27.417739994649107
34428 33.75519742095572
34431 62.98942565917969
34454 72.35584963690772
34548 27.417739994649107
35159 14.692803064492441
35697 15.747356414794922
35823 33.75519742095572
36074 29.385606128984882
36172 29.385606128984882
36757 33.75519742095572
37089 15.747356414794922
37113 15.747356414794922
37225 31.494712829589844
37259 31.494712829589844
37642 14.692803064492441
37746 14.692803064492441
38048 27.417739994649107
38087 29.385606128984882
38512 31.494712829589844
38731 33.75519742095572
39340 31.494712829589844
39705 29.385606128984882
39832 29.385606128984882
40833 31.494712829589844
41318 29.385606128984882
41758 29.385606128984882
42332 15.747356414794922
42862 15.747356414794922
43038 29.385606128984882
43296 33.75519742095572
43301 31.494712829589844
43615 29.385606128984882
44971 31.494712829589844
44988 29.385606128984882
45750 29.385606128984882
45887 31.494712829589844
46047 29.385606128984882
46114 13.708869997324554
46208 31.494712829589844
46918 33.75519742095572
46998 31.494712829589844
47180 31.494712829589844
47733 15.747356414794922
47819 33.75519742095572
48679 67.51039484191143
48860 33.75519742095572
49060 31.494712829589844
49283 33.75519742095572
49313 33.75519742095572
49404 31.494712829589844
49544 72.35584963690772
49715 31.494712829589844
49789 72.35584963690772
49830 15.747356414794922
50283 33.75519742095572
50415 29.385606128984882
50472 29.385606128984882
50819 33.75519742095572
51166 29.385606128984882
51546 31.494712829589844
51580 31.494712829589844
51740 33.75519742095572
51931 33.75519742095572
51997 31.494712829589844
52027 31.494712829589844
52175 67.51039484191143
52533 62.98942565917969
53091 29.385606128984882
53304 62.98942565917969
53509 144.71169927381544
53575 33.75519742095572
53859 29.385606128984882
53902 14.692803064492441
53947 27.417739994649107
54035 67.51039484191143
54635 31.494712829589844
54838 33.75519742095572
54875 29.385606128984882
54922 31.494712829589844
55037 31.494712829589844
55268 62.98942565917969
55322 27.417739994649107
55426 29.385606128984882
55712 31.494712829589844
55794 31.494712829589844
55795 31.494712829589844
55843 31.494712829589844
56092 31.494712829589844
56317 14.692803064492441
56358 33.75519742095572
56523 67.51039484191143
56709 33.75519742095572
57007 31.494712829589844
57050 31.494712829589844
57075 33.75519742095572
57105 72.35584963690772
57403 33.75519742095572
57490 31.494712829589844
57530 31.494712829589844
57641 67.51039484191143
57861 31.494712829589844
58044 31.494712829589844
58905 144.71169927381544
59231 125.97885131835938
59550 72.35584963690772
60144 31.494712829589844
60272 33.75519742095572
60371 29.385606128984882
60454 144.71169927381544
60469 29.385606128984882
60651 31.494712829589844
60679 29.385606128984882
60786 31.494712829589844
60812 67.51039484191143
60819 135.02078968382287
60957 67.51039484191143
61075 62.98942565917969
61085 29.385606128984882
61493 31.494712829589844
61519 117.54242451593953
61584 67.51039484191143
61609 33.75519742095572
61743 33.75519742095572
61761 31.494712829589844
61963 31.494712829589844
61997 31.494712829589844
62135 33.75519742095572
62302 27.417739994649107
62403 31.494712829589844
62614 67.51039484191143
62624 29.385606128984882
62729 33.75519742095572
62927 29.385606128984882
62997 155.09815900020797
63974 27.417739994649107
63982 33.75519742095572
64079 33.75519742095572
64086 31.494712829589844
64122 29.385606128984882
64270 54.835479989298214
64560 31.494712829589844
64577 135.02078968382287
64711 67.51039484191143
64766 29.385606128984882
65245 33.75519742095572
65416 125.97885131835938
65444 125.97885131835938
65540 33.75519742095572
65652 72.35584963690772
65793 29.385606128984882
65842 155.09815900020797
65914 31.494712829589844
66683 29.385606128984882
66775 155.09815900020797
66822 31.494712829589844
66884 31.494712829589844
67061 67.51039484191143
67071 33.75519742095572
67289 29.385606128984882
67322 33.75519742095572
67370 144.71169927381544
67391 33.75519742095572
67409 33.75519742095572
67427 29.385606128984882
67507 14.692803064492441
67621 58.771212257969765
67630 13.708869997324554
67700 33.75519742095572
67747 33.75519742095572
67944 144.71169927381544
68159 67.51039484191143
68319 31.494712829589844
68546 33.75519742095572
68552 54.83547998929823
68654 27.417739994649107
68746 31.494712829589844
68781 15.747356414794922
68807 144.71169927381544
68979 33.75519742095572
69314 31.494712829589844
69363 29.385606128984882
69387 67.51039484191143
69413 29.385606128984882
69569 31.494712829589844
69614 72.35584963690772
69620 29.385606128984882
69702 67.51039484191143
69876 144.71169927381544
70003 33.75519742095572
70016 33.75519742095572
70049 62.98942565917969
70374 31.494712829589844
70466 67.51039484191143
70477 67.51039484191143
70604 25.58165596838583
70618 31.494712829589844
70658 31.494712829589844
70859 31.494712829589844
70959 135.02078968382287
71075 27.417739994649107
71115 15.747356414794922
71138 31.494712829589844
71152 33.75519742095572
71153 33.75519742095572
71303 12.790827984192916
71304 31.494712829589844
71539 31.494712829589844
71575 144.71169927381544
71748 31.494712829589844
71894 29.385606128984882
72026 33.75519742095572
72132 29.385606128984882
72224 54.835479989298214
72236 33.75519742095572
72464 144.71169927381544
72510 33.75519742095572
72761 29.385606128984882
72766 31.494712829589844
72795 31.494712829589844
72945 31.494712829589844
72959 72.35584963690772
73036 144.71169927381544
73177 31.494712829589844
73311 31.494712829589844
73333 144.71169927381544
73382 29.385606128984882
73657 31.494712829589844
74060 31.494712829589844
74396 27.417739994649107
74440 135.02078968382287
74486 67.51039484191143
74650 144.71169927381544
75213 33.75519742095572
75255 67.51039484191143
75476 72.35584963690772
75570 29.385606128984882
75764 67.51039484191143
75843 33.75519742095572
75883 31.494712829589844
75918 29.385606128984882
76022 27.417739994649107
76189 67.51039484191143
76517 67.51039484191143
76612 31.494712829589844
77036 72.35584963690772
77075 15.747356414794922
77152 135.02078968382287
77292 31.494712829589844
77630 31.494712829589844
77663 67.51039484191143
77749 135.02078968382287
77758 62.98942565917969
77848 135.02078968382287
77858 29.385606128984882
78022 29.385606128984882
78057 31.494712829589844
78128 33.75519742095572
78207 33.75519742095572
78412 29.385606128984882
78679 67.51039484191143
78739 135.02078968382287
78759 25.58165596838583
78769 144.71169927381544
78890 29.385606128984882
78969 58.771212257969765
78974 144.71169927381544
79033 33.75519742095572
79036 67.51039484191143
79110 33.75519742095572
79114 31.494712829589844
79222 31.494712829589844
79255 31.494712829589844
79400 31.494712829589844
79525 31.494712829589844
79842 31.494712829589844
79948 13.708869997324554
79997 31.494712829589844
80011 29.385606128984882
80126 144.71169927381544
80151 33.75519742095572
80167 31.494712829589844
80176 62.98942565917969
80390 72.35584963690772
80660 33.75519742095572
80677 15.747356414794922
80781 67.51039484191143
80821 29.385606128984882
80829 67.51039484191143
80939 31.494712829589844
80951 29.385606128984882
80996 33.75519742095572
81026 29.385606128984882
81073 33.75519742095572
81122 31.494712829589844
81159 31.494712829589844
81362 72.35584963690772
81713 31.494712829589844
81783 31.494712829589844
81841 72.35584963690772
81849 135.02078968382287
81930 135.02078968382287
81980 144.71169927381544
82010 31.494712829589844
82253 67.51039484191143
82264 31.494712829589844
82359 72.35584963690772
82413 72.35584963690772
82438 62.98942565917969
82559 31.494712829589844
82633 67.51039484191143
82858 62.98942565917969
82873 62.98942565917969
83083 67.51039484191143
83112 14.692803064492441
83123 25.58165596838583
83215 33.75519742095572
83252 29.385606128984882
83310 33.75519742095572
83381 62.98942565917969
83562 67.51039484191143
83682 29.385606128984882
83927 14.692803064492441
83938 33.75519742095572
83948 135.02078968382287
84005 29.385606128984882
84085 67.51039484191143
84149 72.35584963690772
84191 31.494712829589844
84222 155.09815900020797
84223 155.09815900020797
84233 29.385606128984882
84257 72.35584963690772
84330 29.385606128984882
84438 29.385606128984882
84645 31.494712829589844
84692 31.494712829589844
84754 135.02078968382287
85014 72.35584963690772
85143 135.02078968382287
85291 31.494712829589844
85413 135.02078968382287
85428 310.19631800041594
85446 72.35584963690772
85486 15.747356414794922
85540 31.494712829589844
85579 31.494712829589844
85589 29.385606128984882
85718 29.385606128984882
85726 31.494712829589844
85774 31.494712829589844
85866 31.494712829589844
86258 67.51039484191143
86321 58.771212257969765