1979 13.708869997324554
3091 13.708869997324554
4251 13.708869997324554
8017 12.790827984192916
8956 13.708869997324554
10820 15.747356414794922
11011 15.747356414794922
12297 13.708869997324554
12395 33.75519742095572
12466 14.692803064492441
15242 15.747356414794922
15304 15.747356414794922
15807 14.692803064492441
16752 14.692803064492441
19116 33.75519742095572
19675 14.692803064492441
20173 15.747356414794922
20208 15.747356414794922
20539 14.692803064492441
20575 15.747356414794922
21284 62.98942565917969
21764 27.417739994649107
22644 14.692803064492441
23579 14.692803064492441
25158 14.692803064492441
25328 33.75519742095572
25408 33.75519742095572
25759 33.75519742095572
25922 29.385606128984882
25984 14.692803064492441
26649 15.747356414794922
27442 33.75519742095572
28335 15.747356414794922
29198 13.708869997324554
29685 12.790827984192916
30086 13.708869997324554
30187 33.75519742095572
30781 29.385606128984882
30986 14.692803064492441
31349 13.708869997324554
31513 58.771212257969765
32762 33.75519742095572
33038 15.747356414794922
33119 27.417739994649107
33620 15.747356414794922
33849 13.708869997324554
34095 29.385606128984882
34178 62.98942565917969
34274 14.692803064492441
34625 13.708869997324554
34713 14.692803064492441
35262 13.708869997324554
35420 15.747356414794922
36422 15.747356414794922
36759 33.75519742095572
37111 135.02078968382287
37655 14.692803064492441
38135 33.75519742095572
38243 13.708869997324554
38539 31.494712829589844
38647 29.385606128984882
38748 14.692803064492441
38855 33.75519742095572
39127 14.692803064492441
39849 62.98942565917969
40565 31.494712829589844
40881 31.494712829589844
41007 62.98942565917969
41031 33.75519742095572
42129 67.51039484191143
42336 14.692803064492441
43159 33.75519742095572
43316 29.385606128984882
43521 31.494712829589844
43697 29.385606128984882
43779 67.51039484191143
43824 33.75519742095572
43886 33.75519742095572
44633 33.75519742095572
44738 67.51039484191143
44769 13.708869997324554
44910 33.75519742095572
45060 33.75519742095572
45173 15.747356414794922
45442 15.747356414794922
45701 29.385606128984882
45787 13.708869997324554
46089 67.51039484191143
46122 72.35584963690772
46247 33.75519742095572
46275 62.98942565917969
46385 33.75519742095572
46801 62.98942565917969
47274 33.75519742095572
47374 33.75519742095572
47475 67.51039484191143
47958 33.75519742095572
48142 33.75519742095572
48494 67.51039484191143
48903 67.51039484191143
48918 33.75519742095572
49249 31.494712829589844
49608 14.692803064492441
49740 67.51039484191143
49850 14.692803064492441
49947 67.51039484191143
50232 144.71169927381544
50524 67.51039484191143
50564 62.98942565917969
50584 14.692803064492441
50607 31.494712829589844
50700 13.708869997324554
50915 33.75519742095572
50929 33.75519742095572
51097 58.771212257969765
51434 33.75519742095572
51453 62.98942565917969
51716 67.51039484191143
52220 12.790827984192916
52353 31.494712829589844
52482 31.494712829589844
52759 15.747356414794922
52969 33.75519742095572
53349 31.494712829589844
53391 33.75519742095572
53556 14.692803064492441
53591 33.75519742095572
53640 144.71169927381544
53758 33.75519742095572
53855 62.98942565917969
54362 72.35584963690772
54464 31.494712829589844
54479 72.35584963690772
54602 33.75519742095572
54794 67.51039484191143
54967 33.75519742095572
55106 15.747356414794922
55225 67.51039484191143
55355 67.51039484191143
55676 31.494712829589844
55683 15.747356414794922
55986 31.494712829589844
56168 15.747356414794922
56520 33.75519742095572
56537 33.75519742095572
56603 14.692803064492441
56977 67.51039484191143
57283 62.98942565917969
57404 125.97885131835938
57410 33.75519742095572
57721 31.494712829589844
57804 31.494712829589844
57918 31.494712829589844
57928 31.494712829589844
58103 33.75519742095572
58192 33.75519742095572
58479 67.51039484191143
58596 33.75519742095572
58833 14.692803064492441
59172 12.790827984192916
59450 67.51039484191143
59501 15.747356414794922
59703 67.51039484191143
59812 67.51039484191143
59873 67.51039484191143
60042 33.75519742095572
60059 62.98942565917969
60117 62.98942565917969
60307 14.692803064492441
60439 33.75519742095572
60500 72.35584963690772
60616 15.747356414794922
60706 62.98942565917969
60785 62.98942565917969
60886 67.51039484191143
60892 13.708869997324554
60952 67.51039484191143
60971 14.692803064492441
61026 72.35584963690772
61254 62.98942565917969
61262 12.790827984192916
61391 62.98942565917969
61445 15.747356414794922
61599 67.51039484191143
61607 33.75519742095572
61704 33.75519742095572
61780 62.98942565917969
61979 14.692803064492441
62009 31.494712829589844
62147 29.385606128984882
62222 31.494712829589844
62507 33.75519742095572
62824 62.98942565917969
62978 33.75519742095572
62985 144.71169927381544
62986 67.51039484191143
63190 72.35584963690772
63351 67.51039484191143
63370 31.494712829589844
63481 14.692803064492441
63494 67.51039484191143
63627 29.385606128984882
63688 27.417739994649107
63707 33.75519742095572
63840 67.51039484191143
63960 72.35584963690772
64291 72.35584963690772
64472 58.771212257969765
64565 144.71169927381544
64732 33.75519742095572
64932 29.385606128984882
65074 67.51039484191143
65133 62.98942565917969
65246 15.747356414794922
65501 29.385606128984882
65592 144.71169927381544
65747 33.75519742095572
65919 29.385606128984882
65992 67.51039484191143
66108 23.868528996648458
66198 67.51039484191143
66709 31.494712829589844
66836 58.771212257969765
66877 62.98942565917969
66887 62.98942565917969
66972 14.692803064492441
67038 62.98942565917969
67235 144.71169927381544
67357 14.692803064492441
67379 33.75519742095572
67505 27.417739994649107
67556 15.747356414794922
67580 58.771212257969765
67662 29.385606128984882
67770 67.51039484191143
67812 33.75519742095572
67965 67.51039484191143
68137 67.51039484191143
68213 72.35584963690772
68439 144.71169927381544
68590 67.51039484191143
68943 14.692803064492441
68981 33.75519742095572
69201 62.98942565917969
69268 33.75519742095572
69308 67.51039484191143
69406 31.494712829589844
69415 58.771212257969765
69710 33.75519742095572
69911 67.51039484191143
70034 54.835479989298214
70089 72.35584963690772
70247 33.75519742095572
70316 62.98942565917969
70961 58.771212257969765
70971 31.494712829589844
71162 67.51039484191143
71459 125.97885131835938
71517 62.98942565917969
71527 31.494712829589844
71612 33.75519742095572
71672 144.71169927381544
71835 31.494712829589844
71919 135.02078968382287
71959 33.75519742095572
72238 31.494712829589844
72266 67.51039484191143
72405 33.75519742095572
72587 62.98942565917969
72657 67.51039484191143
72991 62.98942565917969
73035 14.692803064492441
73096 67.51039484191143
73241 67.51039484191143
73277 58.771212257969765
73652 33.75519742095572
73663 144.71169927381544
73908 67.51039484191143
73982 31.494712829589844
74060 14.692803064492441
74409 135.02078968382287
74440 67.51039484191143
74445 14.692803064492441
74679 67.51039484191143
74804 62.98942565917969
74863 12.790827984192916
75146 67.51039484191143
75602 62.98942565917969
75613 62.98942565917969
75695 31.494712829589844
75796 125.97885131835938
75807 33.75519742095572
75812 67.51039484191143
75843 67.51039484191143
75850 67.51039484191143
75970 67.51039484191143
76253 33.75519742095572
76300 29.385606128984882
76476 33.75519742095572
76786 67.51039484191143
76863 31.494712829589844
76978 31.494712829589844
77007 144.71169927381544
77075 67.51039484191143
77128 31.494712829589844
77245 67.51039484191143
77293 33.75519742095572
77322 62.98942565917969
77446 67.51039484191143
77531 15.747356414794922
77612 67.51039484191143
77709 67.51039484191143
77901 72.35584963690772
77942 67.51039484191143
77970 31.494712829589844
77973 15.747356414794922
78191 14.692803064492441
78233 72.35584963690772
78237 31.494712829589844
78301 33.75519742095572
78459 14.692803064492441
78651 67.51039484191143
78769 67.51039484191143
78786 58.771212257969765
78925 29.385606128984882
78939 31.494712829589844
78967 58.771212257969765
79003 67.51039484191143
79163 33.75519742095572
79176 31.494712829589844
79530 62.98942565917969
79546 13.708869997324554
79570 33.75519742095572
79655 33.75519742095572
79973 31.494712829589844
80035 31.494712829589844
80075 33.75519742095572
80108 135.02078968382287
80211 67.51039484191143
80314 33.75519742095572
80367 33.75519742095572
80478 33.75519742095572
80743 67.51039484191143
80763 13.708869997324554
80764 58.771212257969765
80850 13.708869997324554
80863 27.417739994649107
80969 62.98942565917969
81134 31.494712829589844
81165 67.51039484191143
81215 67.51039484191143
81359 14.692803064492441
81415 14.692803064492441
81485 31.494712829589844
81513 33.75519742095572
81559 33.75519742095572
81850 33.75519742095572
82002 62.98942565917969
82055 67.51039484191143
82097 144.71169927381544
82409 67.51039484191143
82432 67.51039484191143
82466 125.97885131835938
82536 33.75519742095572
82556 15.747356414794922
82568 27.417739994649107
82693 72.35584963690772
82729 67.51039484191143
82811 33.75519742095572
83317 31.494712829589844
83435 62.98942565917969
83818 13.708869997324554
84134 58.771212257969765
84223 31.494712829589844
84323 62.98942565917969
84335 62.98942565917969
84360 62.98942565917969
84455 62.98942565917969
84603 27.417739994649107
84844 67.51039484191143
84891 67.51039484191143
85115 33.75519742095572
85157 14.692803064492441
85196 62.98942565917969
85299 15.747356414794922
85477 33.75519742095572
86048 33.75519742095572
86311 31.494712829589844
86317 144.71169927381544
86371 62.98942565917969
86391 33.75519742095572
86428 31.494712829589844
86482 72.35584963690772
86504 72.35584963690772
86534 67.51039484191143
86558 33.75519742095572
86628 25.58165596838583
86679 67.51039484191143
86849 135.02078968382287
86885 67.51039484191143