2430 13.708869997324554
5111 13.708869997324554
8442 14.692803064492441
11144 14.692803064492441
12556 13.708869997324554
15523 14.692803064492441
15620 14.692803064492441
15763 31.494712829589844
16359 31.494712829589844
16947 13.708869997324554
18864 15.747356414794922
20163 29.385606128984882
20424 29.385606128984882
21009 15.747356414794922
21032 13.708869997324554
21480 14.692803064492441
21812 12.790827984192916
22541 14.692803064492441
24036 14.692803064492441
25145 27.417739994649107
25444 12.790827984192916
25884 12.790827984192916
28141 29.385606128984882
29057 31.494712829589844
29166 15.747356414794922
29255 15.747356414794922
29380 13.708869997324554
29504 31.494712829589844
29821 13.708869997324554
30752 15.747356414794922
31292 23.868528996648458
31730 14.692803064492441
32300 29.385606128984882
32457 31.494712829589844
33471 14.692803064492441
33486 12.790827984192916
33753 14.692803064492441
33945 13.708869997324554
33949 13.708869997324554
35390 27.417739994649107
35849 27.417739994649107
35938 27.417739994649107
35965 27.417739994649107
36215 27.417739994649107
36477 31.494712829589844
37102 27.417739994649107
37308 15.747356414794922
37353 29.385606128984882
37570 31.494712829589844
37592 14.692803064492441
37630 29.385606128984882
37846 31.494712829589844
37886 31.494712829589844
38269 11.13506250666297
39058 14.692803064492441
39666 31.494712829589844
39745 31.494712829589844
40393 29.385606128984882
40534 29.385606128984882
40546 58.771212257969765
40636 27.417739994649107
40647 31.494712829589844
40648 15.747356414794922
41760 14.692803064492441
41849 14.692803064492441
42069 11.934264498324229
42487 13.708869997324554
42639 31.494712829589844
42738 29.385606128984882
42990 29.385606128984882
43297 67.51039484191143
43308 13.708869997324554
43324 31.494712829589844
43335 67.51039484191143
43358 29.385606128984882
43394 15.747356414794922
43559 31.494712829589844
43668 14.692803064492441
44580 27.417739994649107
44696 27.417739994649107
45143 14.692803064492441
45176 31.494712829589844
45656 31.494712829589844
46352 31.494712829589844
46485 15.747356414794922
46498 15.747356414794922
46608 13.708869997324554
47298 27.417739994649107
48011 33.75519742095572
48191 29.385606128984882
48511 29.385606128984882
48582 14.692803064492441
48591 27.417739994649107
48657 25.58165596838583
48894 14.692803064492441
49223 27.417739994649107
49289 29.385606128984882
49333 15.747356414794922
49469 13.708869997324554
49858 27.417739994649107
49873 27.417739994649107
50078 31.494712829589844
50111 27.417739994649107
50116 14.692803064492441
50668 12.790827984192916
50785 58.771212257969765
51073 29.385606128984882
51081 29.385606128984882
51696 29.385606128984882
51958 29.385606128984882
52479 31.494712829589844
52608 29.385606128984882
52694 27.417739994649107
52818 11.934264498324229
52987 15.747356414794922
53071 27.417739994649107
53306 31.494712829589844
53352 13.708869997324554
53800 29.385606128984882
53889 29.385606128984882
54082 13.708869997324554
54100 31.494712829589844
54461 31.494712829589844
54650 29.385606128984882
54742 31.494712829589844
54752 31.494712829589844
54764 15.747356414794922
54852 29.385606128984882
54872 29.385606128984882
54895 67.51039484191143
55053 67.51039484191143
55058 31.494712829589844
56018 14.692803064492441
56026 31.494712829589844
56400 29.385606128984882
56530 15.747356414794922
56738 29.385606128984882
56807 15.747356414794922
56868 11.934264498324229
56964 31.494712829589844
57071 29.385606128984882
57258 29.385606128984882
57424 29.385606128984882
57572 23.868528996648458
57796 15.747356414794922
57845 15.747356414794922
57892 31.494712829589844
58354 58.771212257969765
58663 29.385606128984882
58815 31.494712829589844
58874 29.385606128984882
59028 31.494712829589844
59100 31.494712829589844
59203 62.98942565917969
59331 29.385606128984882
59350 13.708869997324554
59502 14.692803064492441
59668 58.771212257969765
59674 67.51039484191143
59794 29.385606128984882
60027 31.494712829589844
60100 29.385606128984882
60144 31.494712829589844
60215 31.494712829589844
60260 54.835479989298214
60289 25.58165596838583
60304 25.58165596838583
60453 29.385606128984882
60788 27.417739994649107
60852 15.747356414794922
61014 62.98942565917969
61649 15.747356414794922
61790 13.708869997324554
61824 29.385606128984882
62005 15.747356414794922
62204 67.51039484191143
62237 29.385606128984882
62255 31.494712829589844
62561 25.58165596838583
62714 31.494712829589844
62969 29.385606128984882
63352 31.494712829589844
63441 11.934264498324229
63504 13.708869997324554
63889 29.385606128984882
64038 31.494712829589844
64248 67.51039484191143
64512 14.692803064492441
64878 25.58165596838583
64916 27.417739994649107
64923 12.790827984192916
64962 31.494712829589844
65092 31.494712829589844
65531 14.692803064492441
65798 25.58165596838583
66015 14.692803064492441
66025 27.417739994649107
66152 29.385606128984882
66179 31.494712829589844
66186 67.51039484191143
66365 31.494712829589844
66640 31.494712829589844
66753 27.417739994649107
66852 29.385606128984882
66892 62.98942565917969
66920 14.692803064492441
66962 31.494712829589844
67108 67.51039484191143
67244 29.385606128984882
67262 29.385606128984882
67552 31.494712829589844
67601 67.51039484191143
68076 14.692803064492441
68408 31.494712829589844
68700 29.385606128984882
68715 29.385606128984882
68718 14.692803064492441
68775 29.385606128984882
69028 29.385606128984882
69156 27.417739994649107
69302 13.708869997324554
69350 62.98942565917969
69395 31.494712829589844
69425 13.708869997324554
69460 62.98942565917969
69521 14.692803064492441
69876 31.494712829589844
70211 29.385606128984882
70340 29.385606128984882
70363 29.385606128984882
70374 31.494712829589844
70433 67.51039484191143
70657 29.385606128984882
70676 27.417739994649107
70867 13.708869997324554
70962 29.385606128984882
71130 31.494712829589844
71312 33.75519742095572
71315 15.747356414794922
71353 67.51039484191143
71569 31.494712829589844
71730 27.417739994649107
71819 29.385606128984882
71842 62.98942565917969
71901 13.708869997324554
71928 62.98942565917969
71929 62.98942565917969
71948 29.385606128984882
71962 67.51039484191143
72025 31.494712829589844
72231 13.708869997324554
72381 67.51039484191143
72396 29.385606128984882
72631 67.51039484191143
72647 29.385606128984882
72732 29.385606128984882
72737 62.98942565917969
72819 29.385606128984882
72830 27.417739994649107
73000 31.494712829589844
73070 29.385606128984882
73247 67.51039484191143
73320 31.494712829589844
73446 14.692803064492441
73495 31.494712829589844
73560 29.385606128984882
73867 31.494712829589844
74024 29.385606128984882
74051 31.494712829589844
74181 29.385606128984882
74410 31.494712829589844
74435 58.771212257969765
74448 31.494712829589844
74499 13.708869997324554
74526 27.417739994649107
74624 15.747356414794922
74656 29.385606128984882
75148 67.51039484191143
75175 31.494712829589844
75229 125.97885131835938
75239 29.385606128984882
75295 31.494712829589844
75359 29.385606128984882
75617 29.385606128984882
75888 12.790827984192916
75906 27.417739994649107
75910 13.708869997324554
75946 62.98942565917969
76017 62.98942565917969
76102 14.692803064492441
76107 31.494712829589844
76111 31.494712829589844
76548 67.51039484191143
76649 14.692803064492441
76762 29.385606128984882
76819 62.98942565917969
76849 31.494712829589844
77005 31.494712829589844
77066 31.494712829589844
77071 31.494712829589844
77099 62.98942565917969
77391 31.494712829589844
77501 13.708869997324554
77584 62.98942565917969
77587 29.385606128984882
77608 29.385606128984882
77688 29.385606128984882
77713 31.494712829589844
77762 15.747356414794922
77821 58.771212257969765
77824 62.98942565917969
78051 31.494712829589844
78052 25.58165596838583
78115 31.494712829589844
78211 13.708869997324554
78222 29.385606128984882
78312 67.51039484191143
78313 67.51039484191143
78652 67.51039484191143
78750 29.385606128984882
78796 13.708869997324554
78877 29.385606128984882
78911 15.747356414794922
78986 15.747356414794922
79696 29.385606128984882
79771 29.385606128984882
79859 31.494712829589844
80019 14.692803064492441
80644 62.98942565917969
80659 13.708869997324554
80706 67.51039484191143
80709 25.58165596838583
81162 27.417739994649107
81172 29.385606128984882
81352 13.708869997324554
81514 31.494712829589844
81660 14.692803064492441
81687 31.494712829589844
81910 67.51039484191143
81944 27.417739994649107
81984 29.385606128984882
82037 31.494712829589844
82049 29.385606128984882
82218 67.51039484191143
82300 29.385606128984882
82455 29.385606128984882
82460 31.494712829589844
82527 29.385606128984882
82762 27.417739994649107
82817 27.417739994649107
82983 31.494712829589844
83028 11.934264498324229
83070 12.790827984192916
83254 29.385606128984882
83300 27.417739994649107
83331 62.98942565917969
83385 67.51039484191143
83600 29.385606128984882
83661 135.02078968382287
83680 67.51039484191143
83705 25.58165596838583
83782 29.385606128984882
83903 31.494712829589844
84144 25.58165596838583
84301 25.58165596838583
84531 29.385606128984882
84866 12.790827984192916
84950 31.494712829589844
84952 31.494712829589844
85021 29.385606128984882
85162 27.417739994649107
85391 29.385606128984882
85434 62.98942565917969
85581 14.692803064492441
85679 31.494712829589844
85737 29.385606128984882
85859 67.51039484191143
85908 58.771212257969765
85919 67.51039484191143
85961 27.417739994649107
85977 31.494712829589844
85981 27.417739994649107
86068 29.385606128984882
86203 31.494712829589844
86305 12.790827984192916
86420 29.385606128984882
86469 31.494712829589844
86513 31.494712829589844
86672 31.494712829589844
86803 13.708869997324554
86855 14.692803064492441
86905 15.747356414794922
86973 29.385606128984882
87044 62.98942565917969
87397 15.747356414794922
87556 144.71169927381544
87574 31.494712829589844
87813 29.385606128984882
87892 67.51039484191143
87979 54.835479989298214