4015 31.494712829589844
5434 15.747356414794922
5990 11.934264498324229
10683 12.790827984192916
11494 15.747356414794922
12790 13.708869997324554
13052 13.708869997324554
13063 13.708869997324554
13277 27.417739994649107
13509 13.708869997324554
14524 11.934264498324229
16862 29.385606128984882
17936 31.494712829589844
18207 29.385606128984882
19755 14.692803064492441
20206 15.747356414794922
20392 13.708869997324554
21110 14.692803064492441
24570 31.494712829589844
25209 14.692803064492441
25546 13.708869997324554
27694 31.494712829589844
28423 11.934264498324229
29258 27.417739994649107
29719 31.494712829589844
30219 12.790827984192916
30335 15.747356414794922
31019 14.692803064492441
31155 13.708869997324554
32318 15.747356414794922
32427 29.385606128984882
32820 13.708869997324554
33297 33.75519742095572
33601 31.494712829589844
33983 14.692803064492441
34322 13.708869997324554
34374 14.692803064492441
34789 29.385606128984882
35500 14.692803064492441
35610 14.692803064492441
36169 27.417739994649107
37065 31.494712829589844
37152 13.708869997324554
37351 14.692803064492441
38861 29.385606128984882
39131 31.494712829589844
39240 12.790827984192916
39281 33.75519742095572
39321 29.385606128984882
39389 67.51039484191143
39549 33.75519742095572
39559 29.385606128984882
39565 29.385606128984882
40091 13.708869997324554
40139 14.692803064492441
40552 33.75519742095572
40949 29.385606128984882
40996 12.790827984192916
41238 14.692803064492441
41709 13.708869997324554
42528 31.494712829589844
42901 31.494712829589844
43257 54.835479989298214
43495 27.417739994649107
43940 31.494712829589844
43960 31.494712829589844
43981 31.494712829589844
44038 15.747356414794922
44455 31.494712829589844
44662 31.494712829589844
44803 67.51039484191143
44849 14.692803064492441
45115 31.494712829589844
45511 27.417739994649107
46118 14.692803064492441
46449 33.75519742095572
46680 31.494712829589844
46850 15.747356414794922
46971 14.692803064492441
47410 33.75519742095572
48105 12.790827984192916
48307 67.51039484191143
48675 13.708869997324554
48770 27.417739994649107
48773 31.494712829589844
49407 14.692803064492441
49689 31.494712829589844
49970 14.692803064492441
50042 31.494712829589844
50131 31.494712829589844
50189 62.98942565917969
50378 29.385606128984882
50384 33.75519742095572
50847 29.385606128984882
50852 67.51039484191143
51717 58.771212257969765
51944 33.75519742095572
52050 27.417739994649107
52068 33.75519742095572
52157 31.494712829589844
52287 31.494712829589844
52747 29.385606128984882
52873 12.790827984192916
53085 58.771212257969765
53118 29.385606128984882
53160 31.494712829589844
53308 67.51039484191143
53553 62.98942565917969
53816 31.494712829589844
53950 15.747356414794922
54068 31.494712829589844
54100 14.692803064492441
54191 27.417739994649107
54587 27.417739994649107
54688 31.494712829589844
54861 58.771212257969765
54890 29.385606128984882
55383 31.494712829589844
55501 14.692803064492441
55845 13.708869997324554
56049 31.494712829589844
56361 62.98942565917969
56433 31.494712829589844
56476 31.494712829589844
56930 27.417739994649107
56940 31.494712829589844
57006 29.385606128984882
57280 12.790827984192916
57355 31.494712829589844
57549 13.708869997324554
57600 31.494712829589844
57810 31.494712829589844
57856 15.747356414794922
58281 33.75519742095572
58638 31.494712829589844
58927 33.75519742095572
59161 29.385606128984882
59818 31.494712829589844
59971 12.790827984192916
60001 62.98942565917969
60222 67.51039484191143
60280 14.692803064492441
60317 15.747356414794922
60513 27.417739994649107
60841 31.494712829589844
61021 31.494712829589844
61037 29.385606128984882
61317 31.494712829589844
61345 67.51039484191143
61409 15.747356414794922
61747 144.71169927381544
61750 25.58165596838583
61815 72.35584963690772
62126 15.747356414794922
62279 27.417739994649107
62500 62.98942565917969
62527 31.494712829589844
62882 13.708869997324554
62934 27.417739994649107
62942 14.692803064492441
63039 12.790827984192916
63171 62.98942565917969
63198 31.494712829589844
63370 29.385606128984882
63659 27.417739994649107
63941 15.747356414794922
63969 25.58165596838583
64254 14.692803064492441
64461 29.385606128984882
64600 31.494712829589844
64636 31.494712829589844
64814 15.747356414794922
65018 27.417739994649107
65225 15.747356414794922
65322 67.51039484191143
65670 33.75519742095572
65733 29.385606128984882
65775 31.494712829589844
65788 29.385606128984882
65841 67.51039484191143
65936 29.385606128984882
66020 29.385606128984882
66141 29.385606128984882
66285 29.385606128984882
66354 72.35584963690772
66402 14.692803064492441
66572 31.494712829589844
66618 15.747356414794922
66790 58.771212257969765
66811 15.747356414794922
66843 29.385606128984882
66943 62.98942565917969
66979 14.692803064492441
67137 14.692803064492441
67268 62.98942565917969
67368 13.708869997324554
67412 14.692803064492441
67475 29.385606128984882
67478 67.51039484191143
67580 29.385606128984882
67647 67.51039484191143
67861 58.771212257969765
67921 144.71169927381544
67965 62.98942565917969
68090 31.494712829589844
68145 31.494712829589844
68206 58.771212257969765
68253 31.494712829589844
68546 33.75519742095572
68552 13.708869997324554
68627 29.385606128984882
68708 62.98942565917969
68727 31.494712829589844
68935 31.494712829589844
69263 31.494712829589844
69267 29.385606128984882
69325 29.385606128984882
69405 62.98942565917969
69557 31.494712829589844
69622 14.692803064492441
69655 67.51039484191143
69752 25.58165596838583
69770 67.51039484191143
69856 14.692803064492441
69903 29.385606128984882
69954 29.385606128984882
70001 12.790827984192916
70138 14.692803064492441
70163 29.385606128984882
70202 15.747356414794922
70222 13.708869997324554
70386 67.51039484191143
70597 62.98942565917969
70847 67.51039484191143
71004 31.494712829589844
71066 144.71169927381544
71084 31.494712829589844
71103 25.58165596838583
71163 58.771212257969765
71175 29.385606128984882
71251 62.98942565917969
71253 67.51039484191143
71330 58.771212257969765
71435 58.771212257969765
71495 72.35584963690772
71845 12.790827984192916
71898 58.771212257969765
72427 58.771212257969765
72460 31.494712829589844
72687 29.385606128984882
72725 67.51039484191143
72814 31.494712829589844
73182 62.98942565917969
73326 29.385606128984882
73367 67.51039484191143
73404 144.71169927381544
73841 125.97885131835938
73867 72.35584963690772
74066 33.75519742095572
74419 29.385606128984882
74512 29.385606128984882
74578 29.385606128984882
74646 29.385606128984882
74717 14.692803064492441
74836 27.417739994649107
74890 33.75519742095572
74907 13.708869997324554
74974 29.385606128984882
75007 12.790827984192916
75031 25.58165596838583
75038 29.385606128984882
75112 144.71169927381544
75147 62.98942565917969
75303 31.494712829589844
75638 29.385606128984882
75708 15.747356414794922
75870 12.790827984192916
75975 31.494712829589844
76049 29.385606128984882
76057 15.747356414794922
76195 67.51039484191143
76285 29.385606128984882
76286 58.771212257969765
76312 31.494712829589844
76425 29.385606128984882
76616 14.692803064492441
76639 31.494712829589844
76674 31.494712829589844
76684 33.75519742095572
76716 72.35584963690772
76919 31.494712829589844
76926 14.692803064492441
77074 14.692803064492441
77227 31.494712829589844
77310 27.417739994649107
77345 14.692803064492441
77369 13.708869997324554
77486 31.494712829589844
77505 31.494712829589844
77609 29.385606128984882
77681 67.51039484191143
77834 15.747356414794922
77871 31.494712829589844
78005 29.385606128984882
78185 31.494712829589844
78559 31.494712829589844
78658 31.494712829589844
78668 31.494712829589844
78699 27.417739994649107
78762 29.385606128984882
78914 31.494712829589844
78923 13.708869997324554
78998 13.708869997324554
79059 31.494712829589844
79473 29.385606128984882
79984 62.98942565917969
80028 67.51039484191143
80125 67.51039484191143
80130 31.494712829589844
80207 135.02078968382287
80307 125.97885131835938
80316 33.75519742095572
80318 31.494712829589844
80346 29.385606128984882
80513 310.19631800041594
80532 14.692803064492441
80772 33.75519742095572
80821 27.417739994649107
80850 67.51039484191143
80856 62.98942565917969
80893 13.708869997324554
81073 15.747356414794922
81281 31.494712829589844
81328 15.747356414794922
81417 15.747356414794922
81618 15.747356414794922
81945 144.71169927381544
81958 54.835479989298214
82112 14.692803064492441
82218 14.692803064492441
82376 33.75519742095572
82426 27.417739994649107
82565 15.747356414794922
82625 62.98942565917969
82646 29.385606128984882
82945 144.71169927381544
83211 13.708869997324554
83295 33.75519742095572
83336 67.51039484191143
83440 29.385606128984882
83554 29.385606128984882
83563 58.771212257969765
83651 135.02078968382287
83652 15.747356414794922
83695 62.98942565917969
83851 29.385606128984882
83865 27.417739994649107
84121 31.494712829589844
84180 310.19631800041594
84186 62.98942565917969
84540 31.494712829589844
84623 72.35584963690772
84640 29.385606128984882
84742 33.75519742095572
84918 62.98942565917969
85270 144.71169927381544
85456 58.771212257969765
85478 62.98942565917969
85492 33.75519742095572
85537 27.417739994649107
85539 67.51039484191143
85573 29.385606128984882
85663 33.75519742095572
85747 31.494712829589844
85952 13.708869997324554
86147 29.385606128984882
86152 144.71169927381544
86200 51.16331193677166
86256 14.692803064492441
86573 62.98942565917969
86586 33.75519742095572
86592 51.16331193677166
86721 29.385606128984882
86795 31.494712829589844
86905 31.494712829589844
87040 33.75519742095572
87182 31.494712829589844
87198 31.494712829589844
87232 62.98942565917969
87277 62.98942565917969
87281 33.75519742095572
87377 144.71169927381544
87451 67.51039484191143
87564 31.494712829589844
87592 62.98942565917969
87600 29.385606128984882
87740 25.58165596838583
87795 33.75519742095572
87862 31.494712829589844
87945 31.494712829589844