3285 15.747356414794922
8011 13.708869997324554
9618 13.708869997324554
10591 14.692803064492441
10776 15.747356414794922
14247 14.692803064492441
14898 15.747356414794922
15278 15.747356414794922
16216 31.494712829589844
16435 15.747356414794922
17387 15.747356414794922
18192 14.692803064492441
18492 15.747356414794922
20425 15.747356414794922
20900 15.747356414794922
21009 14.692803064492441
21333 14.692803064492441
22623 15.747356414794922
22894 15.747356414794922
23051 15.747356414794922
23503 14.692803064492441
23539 14.692803064492441
23874 67.51039484191143
23938 15.747356414794922
24409 14.692803064492441
24651 14.692803064492441
25836 13.708869997324554
26171 15.747356414794922
26800 15.747356414794922
27281 15.747356414794922
27783 15.747356414794922
28415 15.747356414794922
30283 58.771212257969765
30390 62.98942565917969
30689 14.692803064492441
31227 14.692803064492441
31521 62.98942565917969
31700 15.747356414794922
32105 13.708869997324554
33106 15.747356414794922
33394 15.747356414794922
33614 14.692803064492441
33730 15.747356414794922
34455 33.75519742095572
34545 15.747356414794922
34903 31.494712829589844
36190 58.771212257969765
36631 14.692803064492441
36934 13.708869997324554
37121 62.98942565917969
37213 15.747356414794922
38047 14.692803064492441
38495 14.692803064492441
39032 14.692803064492441
39321 14.692803064492441
39521 14.692803064492441
39969 15.747356414794922
40279 15.747356414794922
40462 15.747356414794922
41235 15.747356414794922
41351 15.747356414794922
41649 14.692803064492441
42224 14.692803064492441
42374 58.771212257969765
42515 15.747356414794922
43499 58.771212257969765
44342 15.747356414794922
44708 62.98942565917969
45201 31.494712829589844
45484 67.51039484191143
45664 15.747356414794922
46141 15.747356414794922
46484 15.747356414794922
46727 58.771212257969765
46966 33.75519742095572
47021 58.771212257969765
47410 15.747356414794922
47510 62.98942565917969
47624 15.747356414794922
47725 15.747356414794922
47872 58.771212257969765
48109 54.835479989298214
48190 54.835479989298214
48889 15.747356414794922
48892 54.835479989298214
48984 62.98942565917969
48996 13.708869997324554
49056 15.747356414794922
49237 58.771212257969765
49387 13.708869997324554
49755 62.98942565917969
49973 15.747356414794922
50088 13.708869997324554
50195 14.692803064492441
50262 62.98942565917969
50392 33.75519742095572
50483 58.771212257969765
50693 54.835479989298214
50776 58.771212257969765
51127 14.692803064492441
51155 67.51039484191143
51322 33.75519742095572
51382 62.98942565917969
51393 14.692803064492441
51497 67.51039484191143
51634 67.51039484191143
51636 13.708869997324554
51699 13.708869997324554
51912 15.747356414794922
52146 14.692803064492441
52211 15.747356414794922
52494 31.494712829589844
52598 62.98942565917969
52702 51.16331193677166
52926 67.51039484191143
53213 125.97885131835938
53346 13.708869997324554
53396 62.98942565917969
53522 15.747356414794922
53553 13.708869997324554
53815 15.747356414794922
53853 15.747356414794922
54000 58.771212257969765
54213 54.835479989298214
54415 67.51039484191143
54435 51.16331193677166
54534 67.51039484191143
54962 33.75519742095572
55097 67.51039484191143
55333 15.747356414794922
55843 67.51039484191143
55931 14.692803064492441
55932 62.98942565917969
55976 67.51039484191143
56354 14.692803064492441
56424 15.747356414794922
56429 29.385606128984882
56485 67.51039484191143
57098 13.708869997324554
57149 58.771212257969765
57572 67.51039484191143
57749 67.51039484191143
57948 54.835479989298214
58108 62.98942565917969
58382 15.747356414794922
59040 15.747356414794922
59125 15.747356414794922
59189 58.771212257969765
59424 67.51039484191143
59441 15.747356414794922
59522 15.747356414794922
59731 14.692803064492441
59799 58.771212257969765
59825 15.747356414794922
59979 62.98942565917969
59991 15.747356414794922
60079 62.98942565917969
60488 67.51039484191143
60537 15.747356414794922
60879 62.98942565917969
60915 58.771212257969765
60936 54.835479989298214
61006 62.98942565917969
61094 12.790827984192916
61122 51.16331193677166
61299 58.771212257969765
61366 62.98942565917969
61499 58.771212257969765
61779 67.51039484191143
61858 62.98942565917969
61973 15.747356414794922
62054 135.02078968382287
62403 58.771212257969765
62504 62.98942565917969
62509 62.98942565917969
62651 67.51039484191143
62740 62.98942565917969
62890 14.692803064492441
63013 15.747356414794922
63032 62.98942565917969
63218 62.98942565917969
63446 144.71169927381544
63487 67.51039484191143
63585 67.51039484191143
63949 31.494712829589844
64037 67.51039484191143
64278 31.494712829589844
64462 62.98942565917969
64678 62.98942565917969
64896 58.771212257969765
64921 31.494712829589844
65333 62.98942565917969
65563 58.771212257969765
65578 58.771212257969765
66104 13.708869997324554
66243 58.771212257969765
66281 54.835479989298214
66366 13.708869997324554
66433 62.98942565917969
66515 54.835479989298214
66597 67.51039484191143
66943 67.51039484191143
67144 62.98942565917969
67151 62.98942565917969
67295 13.708869997324554
67370 125.97885131835938
67430 54.835479989298214
67436 14.692803064492441
67489 62.98942565917969
67524 51.16331193677166
67598 62.98942565917969
67734 67.51039484191143
68197 54.835479989298214
68709 51.16331193677166
69016 67.51039484191143
69049 62.98942565917969
69188 135.02078968382287
69232 15.747356414794922
69528 67.51039484191143
70364 67.51039484191143
70521 135.02078968382287
70893 62.98942565917969
70925 31.494712829589844
71032 62.98942565917969
71037 67.51039484191143
71114 67.51039484191143
71185 67.51039484191143
71277 67.51039484191143
71302 54.835479989298214
71350 67.51039484191143
71386 15.747356414794922
71631 15.747356414794922
71710 62.98942565917969
71766 15.747356414794922
72044 67.51039484191143
72058 15.747356414794922
72269 67.51039484191143
72271 13.708869997324554
72345 67.51039484191143
72638 54.835479989298214
72784 58.771212257969765
72806 58.771212257969765
72973 58.771212257969765
73073 58.771212257969765
73120 62.98942565917969
73329 58.771212257969765
73333 31.494712829589844
73383 62.98942565917969
73447 62.98942565917969
73582 58.771212257969765
73840 33.75519742095572
73906 54.835479989298214
73966 67.51039484191143
74268 67.51039484191143
74281 62.98942565917969
74818 15.747356414794922
74956 67.51039484191143
74981 54.835479989298214
75050 135.02078968382287
75104 67.51039484191143
75107 67.51039484191143
75350 62.98942565917969
75364 58.771212257969765
75416 54.835479989298214
75437 62.98942565917969
75480 67.51039484191143
75506 58.771212257969765
75521 67.51039484191143
75590 51.16331193677166
75653 14.692803064492441
75725 62.98942565917969
75781 67.51039484191143
75864 14.692803064492441
76091 47.737057993296915
76114 67.51039484191143
76124 67.51039484191143
76165 58.771212257969765
76293 14.692803064492441
76348 67.51039484191143
76369 15.747356414794922
76475 58.771212257969765
76505 62.98942565917969
76530 62.98942565917969
76944 58.771212257969765
76979 62.98942565917969
77083 62.98942565917969
77125 67.51039484191143
77146 117.54242451593953
77208 67.51039484191143
77361 62.98942565917969
77479 58.771212257969765
77532 67.51039484191143
77549 67.51039484191143
77796 67.51039484191143
77837 15.747356414794922
77884 67.51039484191143
77966 15.747356414794922
78292 67.51039484191143
78315 62.98942565917969
78335 67.51039484191143
78378 67.51039484191143
78691 58.771212257969765
78780 62.98942565917969
78853 58.771212257969765
79048 62.98942565917969
79108 67.51039484191143
79121 67.51039484191143
79280 31.494712829589844
79384 15.747356414794922
79464 33.75519742095572
79651 62.98942565917969
79661 135.02078968382287
79765 62.98942565917969
79785 15.747356414794922
79875 62.98942565917969
79948 31.494712829589844
80065 62.98942565917969
80257 14.692803064492441
80460 15.747356414794922
80468 67.51039484191143
80551 67.51039484191143
80675 15.747356414794922
80745 33.75519742095572
80792 62.98942565917969
80924 62.98942565917969
80929 58.771212257969765
81034 15.747356414794922
81177 62.98942565917969
81388 51.16331193677166
81469 67.51039484191143
81478 62.98942565917969
81493 14.692803064492441
81571 62.98942565917969
81625 62.98942565917969
81969 144.71169927381544
81976 54.835479989298214
82030 15.747356414794922
82231 62.98942565917969
82244 67.51039484191143
82347 58.771212257969765
82437 144.71169927381544
82510 15.747356414794922
82628 54.835479989298214
82740 14.692803064492441
83004 62.98942565917969
83041 58.771212257969765
83081 62.98942565917969
83206 58.771212257969765
83217 67.51039484191143
83238 58.771212257969765
83239 58.771212257969765
83287 67.51039484191143
83366 58.771212257969765
83503 67.51039484191143
83517 33.75519742095572
83564 62.98942565917969
83644 33.75519742095572
83731 54.835479989298214
83762 62.98942565917969
83790 15.747356414794922
83794 58.771212257969765
83810 15.747356414794922
83905 58.771212257969765
83934 58.771212257969765
83959 13.708869997324554
83988 62.98942565917969
84310 15.747356414794922
84477 62.98942565917969
84612 67.51039484191143
84622 62.98942565917969
84756 54.835479989298214
85149 15.747356414794922
85203 144.71169927381544
85255 125.97885131835938
85356 67.51039484191143
85447 14.692803064492441
85451 14.692803064492441
85468 67.51039484191143
85638 67.51039484191143
85726 58.771212257969765
85752 67.51039484191143
85803 62.98942565917969
85824 62.98942565917969
85837 62.98942565917969
85872 31.494712829589844
85919 33.75519742095572
85929 67.51039484191143
85982 33.75519742095572
86255 62.98942565917969
86269 14.692803064492441
86280 67.51039484191143
86491 62.98942565917969
86543 67.51039484191143
86573 15.747356414794922
86655 67.51039484191143
86740 13.708869997324554
86994 67.51039484191143
87058 67.51039484191143
87122 67.51039484191143
87262 67.51039484191143