12490 15.747356414794922
13874 14.692803064492441
17092 31.494712829589844
18802 15.747356414794922
19034 14.692803064492441
19846 33.75519742095572
19941 13.708869997324554
20589 14.692803064492441
20602 33.75519742095572
21191 14.692803064492441
21760 15.747356414794922
22643 15.747356414794922
22781 72.35584963690772
23696 14.692803064492441
25160 15.747356414794922
25405 15.747356414794922
26654 15.747356414794922
26662 33.75519742095572
27963 33.75519742095572
28783 67.51039484191143
29263 33.75519742095572
30602 14.692803064492441
30735 14.692803064492441
32431 14.692803064492441
32809 14.692803064492441
32989 15.747356414794922
33201 14.692803064492441
33262 33.75519742095572
33488 13.708869997324554
34057 67.51039484191143
35085 31.494712829589844
35390 14.692803064492441
35978 33.75519742095572
35993 33.75519742095572
36033 33.75519742095572
36212 15.747356414794922
36298 33.75519742095572
36494 14.692803064492441
37960 31.494712829589844
38073 31.494712829589844
38120 33.75519742095572
38233 72.35584963690772
38684 29.385606128984882
39261 31.494712829589844
39627 33.75519742095572
39814 31.494712829589844
39930 33.75519742095572
40548 33.75519742095572
40970 33.75519742095572
41066 33.75519742095572
41097 33.75519742095572
41307 33.75519742095572
41426 72.35584963690772
41451 13.708869997324554
41508 67.51039484191143
41993 31.494712829589844
42154 33.75519742095572
42242 14.692803064492441
42375 33.75519742095572
43153 15.747356414794922
43156 13.708869997324554
43677 15.747356414794922
43740 31.494712829589844
43746 33.75519742095572
44218 31.494712829589844
44273 15.747356414794922
44342 15.747356414794922
44820 13.708869997324554
44846 33.75519742095572
44992 14.692803064492441
45245 33.75519742095572
45420 67.51039484191143
45526 31.494712829589844
46441 72.35584963690772
46492 31.494712829589844
46689 72.35584963690772
47303 31.494712829589844
47313 33.75519742095572
47582 33.75519742095572
47780 31.494712829589844
47989 144.71169927381544
48330 67.51039484191143
48378 15.747356414794922
48566 31.494712829589844
49069 33.75519742095572
49393 67.51039484191143
49403 33.75519742095572
49429 15.747356414794922
49539 31.494712829589844
49719 13.708869997324554
49968 33.75519742095572
50250 15.747356414794922
50768 72.35584963690772
51225 31.494712829589844
51586 29.385606128984882
51624 15.747356414794922
51656 62.98942565917969
51935 67.51039484191143
52081 67.51039484191143
52628 33.75519742095572
52737 13.708869997324554
53263 15.747356414794922
53714 33.75519742095572
53718 72.35584963690772
54000 14.692803064492441
54128 15.747356414794922
54285 62.98942565917969
54296 31.494712829589844
54495 72.35584963690772
54607 72.35584963690772
54759 33.75519742095572
54761 67.51039484191143
54808 31.494712829589844
54824 67.51039484191143
54840 33.75519742095572
55104 31.494712829589844
55139 29.385606128984882
55190 33.75519742095572
55230 29.385606128984882
55324 67.51039484191143
55442 72.35584963690772
55469 33.75519742095572
55523 25.58165596838583
56071 29.385606128984882
56355 31.494712829589844
56468 67.51039484191143
56811 72.35584963690772
57419 33.75519742095572
57589 72.35584963690772
57815 29.385606128984882
58090 72.35584963690772
58192 13.708869997324554
58314 14.692803064492441
58346 33.75519742095572
58526 72.35584963690772
58833 31.494712829589844
59192 31.494712829589844
59318 33.75519742095572
59403 58.771212257969765
59410 33.75519742095572
59627 72.35584963690772
59709 33.75519742095572
59860 33.75519742095572
60044 67.51039484191143
60293 72.35584963690772
60382 67.51039484191143
60424 15.747356414794922
60468 33.75519742095572
60472 72.35584963690772
60512 72.35584963690772
60514 67.51039484191143
61110 72.35584963690772
61247 13.708869997324554
61436 15.747356414794922
61702 14.692803064492441
61720 33.75519742095572
61996 33.75519742095572
62018 33.75519742095572
62020 67.51039484191143
62308 31.494712829589844
62338 155.09815900020797
62365 62.98942565917969
62463 33.75519742095572
62519 72.35584963690772
62530 33.75519742095572
62533 62.98942565917969
62598 72.35584963690772
62600 33.75519742095572
62772 72.35584963690772
62836 33.75519742095572
62865 31.494712829589844
63219 62.98942565917969
63231 27.417739994649107
63315 33.75519742095572
63465 31.494712829589844
63502 13.708869997324554
63592 15.747356414794922
63617 13.708869997324554
63702 29.385606128984882
63989 62.98942565917969
64008 14.692803064492441
64428 31.494712829589844
64508 33.75519742095572
64599 15.747356414794922
64697 33.75519742095572
64874 72.35584963690772
64976 31.494712829589844
64985 33.75519742095572
65128 72.35584963690772
65288 72.35584963690772
65344 33.75519742095572
65401 33.75519742095572
65447 67.51039484191143
65633 33.75519742095572
65696 33.75519742095572
65730 67.51039484191143
65731 67.51039484191143
66082 33.75519742095572
66436 72.35584963690772
66572 72.35584963690772
66617 33.75519742095572
66653 144.71169927381544
67093 15.747356414794922
67146 33.75519742095572
67180 33.75519742095572
67358 67.51039484191143
67663 72.35584963690772
67687 33.75519742095572
67757 31.494712829589844
68012 72.35584963690772
68135 31.494712829589844
68292 15.747356414794922
68425 33.75519742095572
68510 31.494712829589844
68649 31.494712829589844
68803 72.35584963690772
68840 13.708869997324554
68912 72.35584963690772
68971 62.98942565917969
69063 67.51039484191143
69232 67.51039484191143
69523 72.35584963690772
69556 31.494712829589844
69726 31.494712829589844
69739 155.09815900020797
69883 72.35584963690772
69904 33.75519742095572
69921 31.494712829589844
70081 67.51039484191143
70250 31.494712829589844
70323 31.494712829589844
70346 15.747356414794922
70480 31.494712829589844
70597 67.51039484191143
70633 14.692803064492441
70658 13.708869997324554
70787 13.708869997324554
70950 33.75519742095572
70997 31.494712829589844
71349 135.02078968382287
71399 31.494712829589844
71434 33.75519742095572
71543 33.75519742095572
71559 67.51039484191143
71661 72.35584963690772
71687 67.51039484191143
71759 72.35584963690772
71803 15.747356414794922
72020 33.75519742095572
72162 72.35584963690772
72252 27.417739994649107
72332 72.35584963690772
72372 14.692803064492441
72390 72.35584963690772
72509 67.51039484191143
72641 62.98942565917969
72688 31.494712829589844
72689 31.494712829589844
72949 27.417739994649107
73021 33.75519742095572
73119 33.75519742095572
73178 67.51039484191143
73246 33.75519742095572
73492 15.747356414794922
73711 72.35584963690772
73813 31.494712829589844
73856 33.75519742095572
74177 58.771212257969765
74392 33.75519742095572
74527 72.35584963690772
74837 144.71169927381544
75192 31.494712829589844
75239 67.51039484191143
75283 72.35584963690772
75295 33.75519742095572
75355 31.494712829589844
75574 15.747356414794922
75790 31.494712829589844
75814 14.692803064492441
75896 31.494712829589844
75906 33.75519742095572
75933 33.75519742095572
76230 72.35584963690772
76309 33.75519742095572
76390 67.51039484191143
76415 72.35584963690772
76438 31.494712829589844
76490 33.75519742095572
76520 72.35584963690772
76538 33.75519742095572
76550 72.35584963690772
76554 29.385606128984882
76575 31.494712829589844
76720 14.692803064492441
76721 14.692803064492441
77111 62.98942565917969
77257 33.75519742095572
77292 15.747356414794922
77352 31.494712829589844
77509 67.51039484191143
77522 72.35584963690772
77594 31.494712829589844
77764 31.494712829589844
77827 31.494712829589844
77836 72.35584963690772
78017 67.51039484191143
78202 14.692803064492441
78418 33.75519742095572
78571 62.98942565917969
78653 31.494712829589844
78754 72.35584963690772
78785 33.75519742095572
78856 72.35584963690772
79297 14.692803064492441
79385 67.51039484191143
79433 72.35584963690772
79439 33.75519742095572
79476 72.35584963690772
79489 155.09815900020797
79505 67.51039484191143
79534 31.494712829589844
79698 67.51039484191143
79834 58.771212257969765
79980 62.98942565917969
80013 144.71169927381544
80148 155.09815900020797
80448 67.51039484191143
80523 72.35584963690772
80565 72.35584963690772
80566 155.09815900020797
80647 155.09815900020797
80867 135.02078968382287
80881 72.35584963690772
81163 29.385606128984882
81266 67.51039484191143
81382 31.494712829589844
81524 15.747356414794922
81536 14.692803064492441
81584 33.75519742095572
81600 67.51039484191143
82079 14.692803064492441
82109 29.385606128984882
82197 14.692803064492441
82306 31.494712829589844
82376 33.75519742095572
82430 58.771212257969765
82655 72.35584963690772
82695 31.494712829589844
82702 67.51039484191143
82816 72.35584963690772
82898 31.494712829589844
82943 155.09815900020797
83162 33.75519742095572
83220 67.51039484191143
83409 67.51039484191143
83421 67.51039484191143
83434 62.98942565917969
83498 72.35584963690772
83609 62.98942565917969
83738 144.71169927381544
83848 33.75519742095572
83920 15.747356414794922
83937 67.51039484191143
84115 33.75519742095572
84164 33.75519742095572
84253 14.692803064492441
84304 72.35584963690772
84591 67.51039484191143
84748 72.35584963690772
84836 31.494712829589844
84850 62.98942565917969
84880 72.35584963690772
84933 33.75519742095572
85063 33.75519742095572
85079 67.51039484191143
85329 58.771212257969765
85391 67.51039484191143
85395 67.51039484191143
85656 72.35584963690772
85684 67.51039484191143
85711 72.35584963690772
85802 12.790827984192916
85818 13.708869997324554
85837 144.71169927381544
85840 144.71169927381544
85985 15.747356414794922
86097 67.51039484191143
86208 155.09815900020797
86335 72.35584963690772
86394 67.51039484191143
86576 67.51039484191143
86696 31.494712829589844
86707 14.692803064492441
86759 332.46018180931486
86778 62.98942565917969
86786 144.71169927381544
86788 27.417739994649107
86939 14.692803064492441
86955 72.35584963690772
86967 67.51039484191143