4906 15.747356414794922
7345 15.747356414794922
8374 15.747356414794922
10472 13.708869997324554
11525 13.708869997324554
14726 15.747356414794922
14738 14.692803064492441
15181 15.747356414794922
17004 15.747356414794922
18699 14.692803064492441
19069 14.692803064492441
19565 31.494712829589844
19638 14.692803064492441
20113 15.747356414794922
20231 33.75519742095572
20830 13.708869997324554
20906 12.790827984192916
21688 15.747356414794922
22033 15.747356414794922
22315 33.75519742095572
22366 15.747356414794922
22594 33.75519742095572
23117 15.747356414794922
23575 15.747356414794922
23658 31.494712829589844
24091 33.75519742095572
24305 33.75519742095572
24486 13.708869997324554
24691 33.75519742095572
24819 29.385606128984882
26975 15.747356414794922
27021 15.747356414794922
27540 67.51039484191143
27658 27.417739994649107
28034 15.747356414794922
28666 31.494712829589844
28804 33.75519742095572
29174 15.747356414794922
29193 15.747356414794922
29665 14.692803064492441
30211 13.708869997324554
30751 13.708869997324554
30847 33.75519742095572
31270 31.494712829589844
31705 15.747356414794922
32150 33.75519742095572
32326 33.75519742095572
33155 15.747356414794922
33898 31.494712829589844
34431 15.747356414794922
34548 13.708869997324554
34595 14.692803064492441
35275 14.692803064492441
36372 14.692803064492441
36430 14.692803064492441
36558 15.747356414794922
36584 15.747356414794922
36834 29.385606128984882
37026 14.692803064492441
37367 14.692803064492441
37417 15.747356414794922
37790 13.708869997324554
37894 14.692803064492441
38457 31.494712829589844
38693 13.708869997324554
38704 15.747356414794922
39028 14.692803064492441
39569 15.747356414794922
39875 33.75519742095572
40232 14.692803064492441
40334 27.417739994649107
40962 13.708869997324554
41159 14.692803064492441
41181 31.494712829589844
41659 15.747356414794922
42150 13.708869997324554
42268 15.747356414794922
42282 14.692803064492441
42739 15.747356414794922
42934 33.75519742095572
43252 33.75519742095572
43261 15.747356414794922
43395 33.75519742095572
44091 72.35584963690772
44600 31.494712829589844
44939 15.747356414794922
44994 14.692803064492441
45137 15.747356414794922
45316 33.75519742095572
45382 15.747356414794922
45635 31.494712829589844
45781 33.75519742095572
46202 14.692803064492441
46666 33.75519742095572
46800 15.747356414794922
47041 31.494712829589844
47193 15.747356414794922
47324 27.417739994649107
47328 15.747356414794922
47560 15.747356414794922
47726 13.708869997324554
47994 14.692803064492441
48150 14.692803064492441
48413 31.494712829589844
48746 15.747356414794922
48759 29.385606128984882
48965 15.747356414794922
49366 33.75519742095572
49786 14.692803064492441
49812 33.75519742095572
50677 15.747356414794922
50732 33.75519742095572
50793 29.385606128984882
50801 15.747356414794922
51029 15.747356414794922
51110 33.75519742095572
51202 31.494712829589844
51663 29.385606128984882
51797 144.71169927381544
51928 15.747356414794922
51997 33.75519742095572
52241 14.692803064492441
52445 14.692803064492441
52556 15.747356414794922
52980 67.51039484191143
53079 33.75519742095572
53393 15.747356414794922
53471 14.692803064492441
53649 31.494712829589844
53848 15.747356414794922
54234 15.747356414794922
54308 14.692803064492441
54361 33.75519742095572
54642 15.747356414794922
54821 33.75519742095572
54983 31.494712829589844
55091 31.494712829589844
55093 14.692803064492441
55101 27.417739994649107
56180 14.692803064492441
56352 33.75519742095572
56359 33.75519742095572
56452 33.75519742095572
56534 15.747356414794922
56957 31.494712829589844
57071 13.708869997324554
57408 15.747356414794922
57456 13.708869997324554
57656 31.494712829589844
58112 13.708869997324554
58348 13.708869997324554
58400 14.692803064492441
58529 33.75519742095572
58613 33.75519742095572
59214 144.71169927381544
59369 29.385606128984882
59810 15.747356414794922
59941 33.75519742095572
60226 31.494712829589844
60577 33.75519742095572
61704 155.09815900020797
61943 14.692803064492441
62087 31.494712829589844
62111 33.75519742095572
62180 31.494712829589844
62494 13.708869997324554
62513 15.747356414794922
62661 33.75519742095572
62688 31.494712829589844
62783 33.75519742095572
62939 14.692803064492441
63001 33.75519742095572
63109 15.747356414794922
63199 14.692803064492441
63268 33.75519742095572
63329 29.385606128984882
63765 31.494712829589844
63947 15.747356414794922
64124 14.692803064492441
64243 31.494712829589844
64323 33.75519742095572
64499 15.747356414794922
64828 33.75519742095572
64847 14.692803064492441
64891 15.747356414794922
65024 15.747356414794922
65064 14.692803064492441
65358 33.75519742095572
65416 144.71169927381544
65477 29.385606128984882
65622 33.75519742095572
65720 15.747356414794922
65846 67.51039484191143
66201 155.09815900020797
66305 33.75519742095572
66345 31.494712829589844
66542 13.708869997324554
66705 33.75519742095572
66742 14.692803064492441
66882 14.692803064492441
67146 14.692803064492441
67184 15.747356414794922
67247 31.494712829589844
67416 14.692803064492441
67417 14.692803064492441
67424 33.75519742095572
67572 31.494712829589844
67714 13.708869997324554
67900 14.692803064492441
68008 14.692803064492441
68104 31.494712829589844
68220 33.75519742095572
68224 155.09815900020797
68330 31.494712829589844
68338 15.747356414794922
68388 15.747356414794922
68448 29.385606128984882
68479 14.692803064492441
68580 135.02078968382287
68624 72.35584963690772
68766 155.09815900020797
68773 13.708869997324554
69104 72.35584963690772
69132 155.09815900020797
69434 72.35584963690772
69435 72.35584963690772
69777 72.35584963690772
69858 15.747356414794922
70294 135.02078968382287
70377 144.71169927381544
70421 15.747356414794922
70437 33.75519742095572
70607 14.692803064492441
70656 14.692803064492441
70672 31.494712829589844
70722 12.790827984192916
70748 155.09815900020797
70930 15.747356414794922
71089 31.494712829589844
71284 15.747356414794922
71538 31.494712829589844
71595 31.494712829589844
71810 33.75519742095572
71855 31.494712829589844
71991 33.75519742095572
72084 33.75519742095572
72108 29.385606128984882
72205 27.417739994649107
72312 15.747356414794922
72982 72.35584963690772
73241 13.708869997324554
73510 332.46018180931486
73961 14.692803064492441
73996 33.75519742095572
74412 33.75519742095572
74659 33.75519742095572
74708 15.747356414794922
74713 117.54242451593953
74872 72.35584963690772
74908 14.692803064492441
75333 31.494712829589844
75490 31.494712829589844
75521 135.02078968382287
75651 72.35584963690772
75678 14.692803064492441
75740 14.692803064492441
75741 14.692803064492441
75786 14.692803064492441
75907 33.75519742095572
75964 33.75519742095572
76030 29.385606128984882
76113 15.747356414794922
76190 33.75519742095572
76228 72.35584963690772
76242 14.692803064492441
76418 33.75519742095572
76581 31.494712829589844
76735 33.75519742095572
76874 27.417739994649107
76955 31.494712829589844
77284 29.385606128984882
77285 29.385606128984882
77313 14.692803064492441
77454 29.385606128984882
77588 15.747356414794922
77688 15.747356414794922
77720 33.75519742095572
77776 31.494712829589844
77838 67.51039484191143
78081 155.09815900020797
78418 13.708869997324554
78588 14.692803064492441
78609 15.747356414794922
78622 155.09815900020797
78943 15.747356414794922
79030 67.51039484191143
79058 15.747356414794922
79374 155.09815900020797
79425 62.98942565917969
79447 155.09815900020797
79557 31.494712829589844
79871 135.02078968382287
79931 31.494712829589844
80071 72.35584963690772
80147 135.02078968382287
80223 15.747356414794922
80395 31.494712829589844
80396 31.494712829589844
80473 67.51039484191143
80830 155.09815900020797
80845 14.692803064492441
80872 31.494712829589844
80952 27.417739994649107
80961 144.71169927381544
81145 14.692803064492441
81190 72.35584963690772
81338 29.385606128984882
81509 144.71169927381544
81530 29.385606128984882
81548 15.747356414794922
81720 33.75519742095572
81775 29.385606128984882
81938 31.494712829589844
81950 13.708869997324554
82026 155.09815900020797
82210 332.46018180931486
82251 144.71169927381544
82428 155.09815900020797
82619 33.75519742095572
82649 31.494712829589844
83052 135.02078968382287
83136 72.35584963690772
83193 125.97885131835938
83304 29.385606128984882
83319 62.98942565917969
83340 332.46018180931486
83380 14.692803064492441
83493 72.35584963690772
83820 29.385606128984882
83911 135.02078968382287
84064 14.692803064492441
84266 29.385606128984882
84344 14.692803064492441
84384 33.75519742095572
84392 31.494712829589844
84396 15.747356414794922
84577 33.75519742095572
84614 33.75519742095572
84624 13.708869997324554
84626 15.747356414794922
84672 72.35584963690772
84677 27.417739994649107
84732 33.75519742095572
84858 33.75519742095572
84961 33.75519742095572
85020 155.09815900020797
85170 144.71169927381544
85334 155.09815900020797
85337 155.09815900020797
85346 155.09815900020797
85431 135.02078968382287
85449 31.494712829589844
85483 72.35584963690772
85579 144.71169927381544
85658 33.75519742095572
85702 155.09815900020797
85708 14.692803064492441
85743 33.75519742095572
85785 33.75519742095572
85911 135.02078968382287
85920 67.51039484191143
85922 15.747356414794922
85946 33.75519742095572
86397 27.417739994649107
86452 31.494712829589844
86594 310.19631800041594
86801 144.71169927381544
86859 155.09815900020797
86862 144.71169927381544
86867 15.747356414794922
86923 155.09815900020797
87052 33.75519742095572
87082 33.75519742095572
87158 135.02078968382287
87215 33.75519742095572
87297 155.09815900020797
87337 144.71169927381544
87411 13.708869997324554
87565 12.790827984192916
87573 15.747356414794922
87777 72.35584963690772
87844 29.385606128984882
87914 15.747356414794922
87985 125.97885131835938
87998 13.708869997324554
88088 15.747356414794922
88179 27.417739994649107
88248 67.51039484191143
88262 144.71169927381544
88386 27.417739994649107