3133 14.692803064492441
3432 14.692803064492441
5015 12.790827984192916
9825 12.790827984192916
10253 12.790827984192916
12010 14.692803064492441
12150 14.692803064492441
12910 14.692803064492441
14987 14.692803064492441
15706 14.692803064492441
16984 13.708869997324554
19101 13.708869997324554
19278 14.692803064492441
20419 11.934264498324229
21150 11.934264498324229
22588 14.692803064492441
23761 14.692803064492441
24027 13.708869997324554
24599 14.692803064492441
25296 14.692803064492441
25566 11.934264498324229
25889 14.692803064492441
26334 14.692803064492441
26387 13.708869997324554
28005 13.708869997324554
28020 12.790827984192916
28302 12.790827984192916
28356 13.708869997324554
28361 14.692803064492441
28537 14.692803064492441
29517 14.692803064492441
30398 14.692803064492441
30795 13.708869997324554
32394 11.934264498324229
32870 13.708869997324554
33011 13.708869997324554
33014 12.790827984192916
33486 13.708869997324554
33514 25.58165596838583
34188 13.708869997324554
34758 14.692803064492441
34816 14.692803064492441
34821 31.494712829589844
34849 14.692803064492441
35920 27.417739994649107
36258 14.692803064492441
36559 62.98942565917969
37268 13.708869997324554
37408 13.708869997324554
37627 31.494712829589844
37796 12.790827984192916
37985 11.934264498324229
38083 29.385606128984882
38101 29.385606128984882
38587 27.417739994649107
38687 12.790827984192916
38770 29.385606128984882
39009 14.692803064492441
39032 14.692803064492441
39839 13.708869997324554
40024 14.692803064492441
40448 13.708869997324554
41430 14.692803064492441
41488 13.708869997324554
41589 14.692803064492441
41694 27.417739994649114
41857 13.708869997324554
42004 29.385606128984882
43136 13.708869997324554
43181 31.494712829589844
43734 31.494712829589844
43874 13.708869997324554
44396 13.708869997324554
44424 14.692803064492441
44559 29.385606128984882
44705 27.417739994649107
45289 14.692803064492441
45562 14.692803064492441
45598 12.790827984192916
46241 13.708869997324554
46244 31.494712829589844
46367 11.13506250666297
46432 11.934264498324229
46593 25.58165596838583
47241 13.708869997324554
47341 14.692803064492441
47704 14.692803064492441
47975 14.692803064492441
47977 25.58165596838583
48378 31.494712829589844
48470 29.385606128984882
48701 27.417739994649107
49370 13.708869997324554
49532 13.708869997324554
49995 31.494712829589844
50099 31.494712829589844
50456 12.790827984192916
50491 14.692803064492441
50579 27.417739994649107
50613 29.385606128984882
51066 14.692803064492441
51234 31.494712829589844
51754 13.708869997324554
51782 14.692803064492441
51867 31.494712829589844
52316 14.692803064492441
53003 11.934264498324229
53389 29.385606128984882
53483 13.708869997324554
53565 31.494712829589844
53704 13.708869997324554
53720 58.771212257969765
53790 27.417739994649107
53812 14.692803064492441
54242 31.494712829589844
54321 13.708869997324554
54377 13.708869997324554
54846 29.385606128984882
55052 14.692803064492441
55161 14.692803064492441
55315 27.417739994649114
55399 13.708869997324554
55727 67.51039484191143
55777 13.708869997324554
55822 13.708869997324554
56120 29.385606128984882
56162 29.385606128984882
56178 14.692803064492441
56369 12.790827984192916
56715 12.790827984192916
57247 31.494712829589844
57266 13.708869997324554
57331 31.494712829589844
57574 12.790827984192916
57712 31.494712829589844
57915 67.51039484191143
57968 13.708869997324554
58062 14.692803064492441
58087 31.494712829589844
58185 67.51039484191143
58277 29.385606128984882
58433 14.692803064492441
58833 62.98942565917969
58892 14.692803064492441
58903 14.692803064492441
59002 14.692803064492441
59319 12.790827984192916
59457 14.692803064492441
59566 29.385606128984882
59971 13.708869997324554
60395 14.692803064492441
60412 14.692803064492441
60422 29.385606128984882
60825 31.494712829589844
60848 13.708869997324554
61182 14.692803064492441
61295 13.708869997324554
61396 12.790827984192916
61531 31.494712829589844
61586 31.494712829589844
61634 31.494712829589844
61700 14.692803064492441
62083 29.385606128984882
62284 13.708869997324554
62551 14.692803064492441
62680 29.385606128984882
63155 13.708869997324554
63209 62.98942565917969
63235 14.692803064492441
63283 31.494712829589844
63402 67.51039484191143
63578 13.708869997324554
63592 13.708869997324554
63653 31.494712829589844
63671 13.708869997324554
63711 14.692803064492441
63932 13.708869997324554
64248 14.692803064492441
64276 12.790827984192916
64360 29.385606128984882
64452 12.790827984192916
64614 31.494712829589844
64764 27.417739994649107
64820 12.790827984192916
65229 25.58165596838583
65272 29.385606128984882
65291 14.692803064492441
66166 29.385606128984882
66386 13.708869997324554
66625 13.708869997324554
66655 29.385606128984882
66714 27.417739994649107
66792 14.692803064492441
67062 67.51039484191143
67475 29.385606128984882
67477 12.790827984192916
67511 13.708869997324554
67529 31.494712829589844
67803 31.494712829589844
67805 67.51039484191143
67868 13.708869997324554
68144 14.692803064492441
68288 12.790827984192916
68497 29.385606128984882
68719 14.692803064492441
68840 31.494712829589844
69364 12.790827984192916
69588 54.835479989298214
69768 31.494712829589844
69787 29.385606128984882
69849 31.494712829589844
70293 13.708869997324554
70444 13.708869997324554
70552 31.494712829589844
70647 27.417739994649107
70697 31.494712829589844
70826 14.692803064492441
70852 14.692803064492441
71206 31.494712829589844
71230 14.692803064492441
71367 27.417739994649107
71396 31.494712829589844
71470 29.385606128984882
71602 14.692803064492441
71673 14.692803064492441
72041 13.708869997324554
72099 14.692803064492441
72117 25.58165596838583
72119 67.51039484191143
72254 11.934264498324229
72525 29.385606128984882
72586 13.708869997324554
72711 67.51039484191143
72918 13.708869997324554
72957 31.494712829589844
73306 11.934264498324229
73314 62.98942565917969
73321 58.771212257969765
73357 12.790827984192916
73476 67.51039484191143
73591 14.692803064492441
73682 31.494712829589844
73869 31.494712829589844
73875 31.494712829589844
73948 62.98942565917969
74018 31.494712829589844
74082 67.51039484191143
74121 31.494712829589844
74202 14.692803064492441
74290 67.51039484191143
74481 13.708869997324554
74780 12.790827984192916
74828 29.385606128984882
74885 14.692803064492441
74898 67.51039484191143
74998 13.708869997324554
75216 62.98942565917969
75317 67.51039484191143
75542 31.494712829589844
75568 31.494712829589844
75688 29.385606128984882
75697 62.98942565917969
75754 14.692803064492441
75854 67.51039484191143
75870 31.494712829589844
75941 27.417739994649107
75973 27.417739994649107
75998 67.51039484191143
76062 25.58165596838583
76380 31.494712829589844
76472 14.692803064492441
76532 31.494712829589844
76538 27.417739994649107
76673 12.790827984192916
76786 31.494712829589844
76891 58.771212257969765
77044 29.385606128984882
77052 67.51039484191143
77224 31.494712829589844
77316 14.692803064492441
77402 13.708869997324554
77479 67.51039484191143
77505 27.417739994649114
77632 31.494712829589844
77662 12.790827984192916
77797 13.708869997324554
77810 14.692803064492441
77831 67.51039484191143
77868 29.385606128984882
78085 31.494712829589844
78175 67.51039484191143
78449 67.51039484191143
78620 62.98942565917969
78654 14.692803064492441
78935 29.385606128984882
78952 67.51039484191143
78954 13.708869997324554
79100 31.494712829589844
79157 25.58165596838583
79251 13.708869997324554
79261 12.790827984192916
79279 14.692803064492441
79369 62.98942565917969
79567 58.771212257969765
79591 12.790827984192916
79688 27.417739994649107
79721 31.494712829589844
79831 62.98942565917969
79834 67.51039484191143
79894 29.385606128984882
79925 29.385606128984882
80249 31.494712829589844
80508 14.692803064492441
80603 31.494712829589844
80815 62.98942565917969
80898 29.385606128984882
80946 29.385606128984882
80966 12.790827984192916
81252 62.98942565917969
81586 13.708869997324554
81603 29.385606128984882
81625 67.51039484191143
81647 31.494712829589844
81704 31.494712829589844
81770 31.494712829589844
82143 31.494712829589844
82258 14.692803064492441
82659 67.51039484191143
82750 31.494712829589844
82827 27.417739994649107
82977 31.494712829589844
83021 12.790827984192916
83213 58.771212257969765
83232 67.51039484191143
83238 31.494712829589844
83249 67.51039484191143
83463 27.417739994649107
83551 29.385606128984882
83609 144.71169927381544
83631 13.708869997324554
83736 29.385606128984882
83861 31.494712829589844
83896 67.51039484191143
84002 67.51039484191143
84009 14.692803064492441
84105 13.708869997324554
84107 67.51039484191143
84137 14.692803064492441
84205 29.385606128984882
84219 14.692803064492441
84248 27.417739994649114
84289 12.790827984192916
84402 67.51039484191143
84794 14.692803064492441
84815 67.51039484191143
85095 14.692803064492441
85199 31.494712829589844
85291 29.385606128984882
85416 31.494712829589844
85486 14.692803064492441
85495 144.71169927381544
85535 11.934264498324229
85649 67.51039484191143
85838 12.790827984192916
85963 12.790827984192916
85997 31.494712829589844
86157 29.385606128984882
86613 31.494712829589844
86955 14.692803064492441
86973 31.494712829589844
86979 13.708869997324554
87012 27.417739994649107
87176 29.385606128984882
87296 62.98942565917969
87307 29.385606128984882
87334 67.51039484191143
87366 27.417739994649107
87550 31.494712829589844
87715 14.692803064492441
87876 29.385606128984882
87899 14.692803064492441
87925 13.708869997324554
87973 25.581655968385835
88110 67.51039484191143
88125 67.51039484191143
88331 29.385606128984882
88394 13.708869997324554
88482 31.494712829589844
88556 62.98942565917969
88818 14.692803064492441
88831 67.51039484191143
89007 62.98942565917969
89018 11.13506250666297
89087 29.385606128984882
89148 67.51039484191143
89230 12.790827984192916
89259 31.494712829589844
89280 67.51039484191143
89317 14.692803064492441
89476 67.51039484191143