3996 14.692803064492441
6795 13.708869997324554
8999 15.747356414794922
9285 14.692803064492441
9768 14.692803064492441
11889 15.747356414794922
12105 15.747356414794922
12181 14.692803064492441
12648 15.747356414794922
13058 14.692803064492441
13816 14.692803064492441
15114 15.747356414794922
15697 15.747356414794922
17294 15.747356414794922
17685 15.747356414794922
18150 13.708869997324554
18527 15.747356414794922
18846 13.708869997324554
19120 14.692803064492441
19134 13.708869997324554
19199 14.692803064492441
19498 14.692803064492441
19828 29.385606128984882
19929 15.747356414794922
20500 15.747356414794922
20619 15.747356414794922
21682 14.692803064492441
22185 13.708869997324554
22357 14.692803064492441
22424 14.692803064492441
22585 11.934264498324229
22587 14.692803064492441
23293 15.747356414794922
24922 13.708869997324554
24941 15.747356414794922
25006 14.692803064492441
25809 15.747356414794922
26771 14.692803064492441
27267 15.747356414794922
27731 15.747356414794922
27833 12.790827984192916
27901 33.75519742095572
29262 14.692803064492441
30393 58.771212257969765
30723 15.747356414794922
30903 62.98942565917969
30971 14.692803064492441
32636 62.98942565917969
33053 14.692803064492441
33063 67.51039484191143
33402 15.747356414794922
33651 14.692803064492441
35297 14.692803064492441
35615 72.35584963690772
35761 15.747356414794922
36403 31.494712829589844
37107 15.747356414794922
37186 27.417739994649107
37406 33.75519742095572
37513 14.692803064492441
37628 33.75519742095572
37921 15.747356414794922
39287 14.692803064492441
39572 15.747356414794922
39718 31.494712829589844
39779 67.51039484191143
40575 15.747356414794922
40986 62.98942565917969
41039 72.35584963690772
41303 31.494712829589844
41508 14.692803064492441
41722 29.385606128984882
42430 62.98942565917969
42633 58.771212257969765
43054 14.692803064492441
44263 13.708869997324554
44280 14.692803064492441
44589 72.35584963690772
44853 29.385606128984882
44967 33.75519742095572
45614 31.494712829589844
45734 15.747356414794922
45762 72.35584963690772
46091 15.747356414794922
46172 144.71169927381544
46340 31.494712829589844
46982 67.51039484191143
48139 67.51039484191143
48377 14.692803064492441
49272 14.692803064492441
49280 27.417739994649114
49288 15.747356414794922
49511 14.692803064492441
49528 15.747356414794922
49600 67.51039484191143
50064 117.54242451593953
50150 27.417739994649107
50283 72.35584963690772
50707 14.692803064492441
51096 15.747356414794922
51228 15.747356414794922
51601 14.692803064492441
51719 33.75519742095572
51884 67.51039484191143
52314 15.747356414794922
52406 72.35584963690772
52803 125.97885131835938
52960 62.98942565917969
53111 67.51039484191143
53707 14.692803064492441
53942 15.747356414794922
53975 62.98942565917969
54094 15.747356414794922
54154 31.494712829589844
54655 67.51039484191143
55000 62.98942565917969
55216 144.71169927381544
55364 14.692803064492441
55443 15.747356414794922
55725 67.51039484191143
55772 31.494712829589844
55816 67.51039484191143
55874 67.51039484191143
56459 67.51039484191143
56531 67.51039484191143
56682 14.692803064492441
56751 31.494712829589844
56873 31.494712829589844
56926 31.494712829589844
57005 14.692803064492441
57050 67.51039484191143
57232 155.09815900020797
57429 29.385606128984882
57430 67.51039484191143
57552 62.98942565917969
57698 31.494712829589844
57728 14.692803064492441
57772 14.692803064492441
57845 135.02078968382287
58194 31.494712829589844
58602 29.385606128984882
58984 125.97885131835938
59239 135.02078968382287
59281 67.51039484191143
59374 33.75519742095572
59468 31.494712829589844
59578 62.98942565917969
59786 155.09815900020797
59914 62.98942565917969
60262 15.747356414794922
60415 144.71169927381544
60491 15.747356414794922
60613 31.494712829589844
60732 144.71169927381544
60786 72.35584963690772
60865 144.71169927381544
60957 155.09815900020797
61000 14.692803064492441
61571 72.35584963690772
61645 155.09815900020797
61689 67.51039484191143
61808 14.692803064492441
61879 72.35584963690772
62161 29.385606128984882
62196 58.771212257969765
62234 29.385606128984882
62263 67.51039484191143
62264 67.51039484191143
62437 67.51039484191143
62733 125.97885131835938
62806 155.09815900020797
62931 117.54242451593953
63452 155.09815900020797
63505 15.747356414794922
63722 29.385606128984882
63765 15.747356414794922
63811 144.71169927381544
63831 62.98942565917969
63878 135.02078968382287
64053 144.71169927381544
64180 67.51039484191143
64246 144.71169927381544
64250 67.51039484191143
64319 144.71169927381544
64320 62.98942565917969
64346 155.09815900020797
64407 67.51039484191143
64429 15.747356414794922
64521 62.98942565917969
64564 155.09815900020797
64717 135.02078968382287
64917 72.35584963690772
64988 15.747356414794922
65469 72.35584963690772
65560 155.09815900020797
65612 155.09815900020797
65680 67.51039484191143
65710 62.98942565917969
65744 155.09815900020797
65751 58.771212257969765
66057 67.51039484191143
66075 14.692803064492441
66148 135.02078968382287
66351 67.51039484191143
66475 62.98942565917969
66565 72.35584963690772
66572 72.35584963690772
66644 144.71169927381544
66671 155.09815900020797
66866 14.692803064492441
66930 72.35584963690772
67003 125.97885131835938
67031 62.98942565917969
67054 72.35584963690772
67625 155.09815900020797
67815 58.771212257969765
67842 310.19631800041594
67961 33.75519742095572
68270 58.771212257969765
68437 67.51039484191143
68441 67.51039484191143
68513 62.98942565917969
68531 67.51039484191143
68539 31.494712829589844
68600 72.35584963690772
68615 144.71169927381544
68675 14.692803064492441
68922 155.09815900020797
69003 144.71169927381544
69058 332.46018180931486
69150 135.02078968382287
69221 144.71169927381544
69317 14.692803064492441
69324 33.75519742095572
69374 58.771212257969765
69377 125.97885131835938
69429 62.98942565917969
69441 144.71169927381544
69466 62.98942565917969
69468 67.51039484191143
69609 14.692803064492441
69850 67.51039484191143
69874 67.51039484191143
69943 15.747356414794922
70035 155.09815900020797
70073 144.71169927381544
70343 72.35584963690772
70413 144.71169927381544
70448 13.708869997324554
70490 135.02078968382287
70689 58.771212257969765
70735 72.35584963690772
70845 72.35584963690772
70854 62.98942565917969
70884 72.35584963690772
70975 67.51039484191143
71026 125.97885131835938
71079 135.02078968382287
71096 14.692803064492441
71273 310.19631800041594
71394 72.35584963690772
71688 125.97885131835938
71728 144.71169927381544
71793 144.71169927381544
71800 33.75519742095572
72046 15.747356414794922
72635 67.51039484191143
72655 15.747356414794922
72960 15.747356414794922
72988 144.71169927381544
72999 67.51039484191143
73003 33.75519742095572
73095 125.97885131835938
73112 332.46018180931486
73384 15.747356414794922
73397 14.692803064492441
73746 310.19631800041594
73809 67.51039484191143
73861 13.708869997324554
73875 135.02078968382287
74014 135.02078968382287
74058 135.02078968382287
74154 14.692803064492441
74197 72.35584963690772
74216 144.71169927381544
74319 72.35584963690772
74524 72.35584963690772
74545 15.747356414794922
74743 62.98942565917969
74849 144.71169927381544
74973 62.98942565917969
74981 135.02078968382287
75169 117.54242451593953
75264 15.747356414794922
75276 67.51039484191143
75447 62.98942565917969
75502 144.71169927381544
75830 62.98942565917969
76157 62.98942565917969
76268 144.71169927381544
76365 67.51039484191143
76444 155.09815900020797
76625 67.51039484191143
76815 67.51039484191143
77055 135.02078968382287
77079 15.747356414794922
77177 144.71169927381544
77380 67.51039484191143
77385 67.51039484191143
77475 144.71169927381544
77739 125.97885131835938
77799 13.708869997324554
77829 144.71169927381544
78142 144.71169927381544
78183 27.417739994649107
78209 58.771212257969765
78247 67.51039484191143
78428 31.494712829589844
78550 62.98942565917969
78563 31.494712829589844
78618 62.98942565917969
78629 67.51039484191143
78679 125.97885131835938
78806 155.09815900020797
78864 14.692803064492441
78894 125.97885131835938
78924 67.51039484191143
79033 67.51039484191143
79281 135.02078968382287
79561 13.708869997324554
79918 135.02078968382287
79961 33.75519742095572
79967 144.71169927381544
79981 33.75519742095572
80097 62.98942565917969
80231 62.98942565917969
80357 144.71169927381544
80390 144.71169927381544
80614 14.692803064492441
80615 14.692803064492441
80624 13.708869997324554
80694 14.692803064492441
80747 135.02078968382287
80778 135.02078968382287
80926 67.51039484191143
80986 14.692803064492441
80999 144.71169927381544
81008 13.708869997324554
81150 310.19631800041594
81182 67.51039484191143
81402 144.71169927381544
81540 67.51039484191143
81582 135.02078968382287
81803 62.98942565917969
81922 15.747356414794922
81924 62.98942565917969
82449 72.35584963690772
82469 67.51039484191143
82735 125.97885131835938
82742 144.71169927381544
82769 23.868528996648458
82820 13.708869997324554
82926 29.385606128984882
83408 67.51039484191143
83455 15.747356414794922
83491 13.708869997324554
83651 62.98942565917969
83669 289.4233985476309
83745 72.35584963690772
83831 58.771212257969765
83941 289.4233985476309
84095 72.35584963690772
84259 15.747356414794922
84384 144.71169927381544
84411 72.35584963690772
84438 58.771212257969765
84476 125.97885131835938
84534 67.51039484191143
84745 62.98942565917969
84811 29.385606128984882
85387 15.747356414794922
85405 58.771212257969765
85775 31.494712829589844
85941 310.19631800041594
85970 125.97885131835938
85992 135.02078968382287
85995 135.02078968382287
86069 33.75519742095572
86095 67.51039484191143
86132 144.71169927381544
86158 72.35584963690772
86209 144.71169927381544
86231 72.35584963690772
86260 15.747356414794922
86344 144.71169927381544
86353 144.71169927381544
86557 67.51039484191143
86643 135.02078968382287
86811 62.98942565917969
86852 62.98942565917969