3263 14.692803064492441
6309 15.747356414794922
9385 15.747356414794922
10829 14.692803064492441
15001 14.692803064492441
17558 31.494712829589844
17781 31.494712829589844
18051 33.75519742095572
18295 15.747356414794922
19575 33.75519742095572
20283 31.494712829589844
21479 33.75519742095572
21661 33.75519742095572
22097 33.75519742095572
24077 33.75519742095572
24603 33.75519742095572
24661 31.494712829589844
25234 14.692803064492441
26073 33.75519742095572
26383 33.75519742095572
26844 31.494712829589844
27127 31.494712829589844
28911 15.747356414794922
29274 31.494712829589844
29363 62.98942565917969
29380 33.75519742095572
30050 15.747356414794922
30948 33.75519742095572
31662 31.494712829589844
32040 14.692803064492441
32182 31.494712829589844
32595 31.494712829589844
33267 33.75519742095572
33428 31.494712829589844
33447 31.494712829589844
33634 31.494712829589844
33734 31.494712829589844
34304 67.51039484191143
36069 33.75519742095572
36216 31.494712829589844
36329 33.75519742095572
36337 29.385606128984882
36686 31.494712829589844
37225 33.75519742095572
37653 33.75519742095572
37837 31.494712829589844
38765 15.747356414794922
39042 31.494712829589844
39245 31.494712829589844
39338 31.494712829589844
39612 33.75519742095572
39643 14.692803064492441
39649 67.51039484191143
39982 33.75519742095572
40087 33.75519742095572
40299 33.75519742095572
40574 67.51039484191143
40583 31.494712829589844
40891 33.75519742095572
40916 31.494712829589844
40963 31.494712829589844
41541 31.494712829589844
41679 31.494712829589844
42025 33.75519742095572
42205 33.75519742095572
43410 72.35584963690772
43430 33.75519742095572
43579 72.35584963690772
43674 33.75519742095572
43676 15.747356414794922
43983 33.75519742095572
44234 31.494712829589844
45204 29.385606128984882
45218 33.75519742095572
45692 29.385606128984882
45821 33.75519742095572
46015 67.51039484191143
46312 72.35584963690772
46334 15.747356414794922
46903 15.747356414794922
46996 31.494712829589844
47125 31.494712829589844
47153 33.75519742095572
47386 15.747356414794922
47435 31.494712829589844
47479 33.75519742095572
47866 29.385606128984882
47996 72.35584963690772
48343 33.75519742095572
48723 72.35584963690772
48904 14.692803064492441
50046 33.75519742095572
50128 72.35584963690772
50370 33.75519742095572
50412 67.51039484191143
50442 33.75519742095572
50681 33.75519742095572
50913 67.51039484191143
51003 33.75519742095572
51087 33.75519742095572
51133 33.75519742095572
51686 33.75519742095572
51935 33.75519742095572
51944 33.75519742095572
52283 72.35584963690772
52328 67.51039484191143
52414 33.75519742095572
52541 72.35584963690772
52573 33.75519742095572
53274 72.35584963690772
53362 33.75519742095572
53403 72.35584963690772
53533 33.75519742095572
53589 67.51039484191143
53637 62.98942565917969
53870 33.75519742095572
53908 33.75519742095572
54058 31.494712829589844
54133 31.494712829589844
54163 27.417739994649107
54240 31.494712829589844
54380 67.51039484191143
54425 62.98942565917969
54601 31.494712829589844
54642 33.75519742095572
55020 67.51039484191143
55084 33.75519742095572
55093 62.98942565917969
55229 29.385606128984882
55343 33.75519742095572
55587 31.494712829589844
55609 29.385606128984882
55678 33.75519742095572
55700 62.98942565917969
55750 31.494712829589844
55896 33.75519742095572
56355 33.75519742095572
56525 72.35584963690772
56587 31.494712829589844
56653 31.494712829589844
57265 155.09815900020797
57324 33.75519742095572
57592 31.494712829589844
57655 33.75519742095572
57756 29.385606128984882
57991 31.494712829589844
58019 33.75519742095572
58602 33.75519742095572
58923 33.75519742095572
59013 72.35584963690772
59098 67.51039484191143
59360 67.51039484191143
59434 33.75519742095572
59469 33.75519742095572
59525 31.494712829589844
59745 33.75519742095572
59750 31.494712829589844
60135 31.494712829589844
60145 33.75519742095572
60153 31.494712829589844
60377 33.75519742095572
60428 31.494712829589844
60495 33.75519742095572
60766 67.51039484191143
60964 33.75519742095572
61068 67.51039484191143
61195 33.75519742095572
61281 31.494712829589844
61308 33.75519742095572
61457 72.35584963690772
61531 33.75519742095572
61670 29.385606128984882
61702 72.35584963690772
61798 29.385606128984882
61848 33.75519742095572
62003 31.494712829589844
62438 33.75519742095572
62561 31.494712829589844
62712 62.98942565917969
62790 31.494712829589844
62952 67.51039484191143
63056 72.35584963690772
63126 15.747356414794922
63205 62.98942565917969
63218 33.75519742095572
63532 67.51039484191143
63541 72.35584963690772
63576 33.75519742095572
63643 72.35584963690772
63705 33.75519742095572
63922 67.51039484191143
63940 29.385606128984882
64007 33.75519742095572
64057 31.494712829589844
64259 62.98942565917969
64281 33.75519742095572
64285 31.494712829589844
64356 31.494712829589844
64521 33.75519742095572
64926 31.494712829589844
65075 135.02078968382287
65181 31.494712829589844
65448 33.75519742095572
65580 33.75519742095572
65847 31.494712829589844
65849 155.09815900020797
65851 29.385606128984882
65876 33.75519742095572
65911 72.35584963690772
65918 33.75519742095572
66010 31.494712829589844
66037 33.75519742095572
66088 72.35584963690772
66168 31.494712829589844
66203 31.494712829589844
66340 33.75519742095572
66375 33.75519742095572
66588 33.75519742095572
66631 31.494712829589844
66680 33.75519742095572
66731 72.35584963690772
66781 29.385606128984882
66870 67.51039484191143
66881 72.35584963690772
66882 67.51039484191143
67220 31.494712829589844
67263 72.35584963690772
67609 33.75519742095572
67762 33.75519742095572
67764 72.35584963690772
67919 29.385606128984882
67996 33.75519742095572
68055 33.75519742095572
68192 62.98942565917969
68579 14.692803064492441
68621 33.75519742095572
68660 67.51039484191143
68759 33.75519742095572
69002 33.75519742095572
69044 72.35584963690772
69194 33.75519742095572
69226 33.75519742095572
69322 72.35584963690772
69405 33.75519742095572
69745 72.35584963690772
69746 31.494712829589844
69773 67.51039484191143
69824 72.35584963690772
69835 72.35584963690772
69946 33.75519742095572
70030 33.75519742095572
70252 31.494712829589844
70371 33.75519742095572
70388 33.75519742095572
70505 33.75519742095572
70522 62.98942565917969
70712 33.75519742095572
70846 31.494712829589844
70906 33.75519742095572
70914 72.35584963690772
71104 67.51039484191143
71128 31.494712829589844
71142 72.35584963690772
71651 58.771212257969765
71829 72.35584963690772
71865 31.494712829589844
71871 33.75519742095572
71980 67.51039484191143
72184 33.75519742095572
72264 15.747356414794922
72478 33.75519742095572
72489 67.51039484191143
72536 33.75519742095572
72646 62.98942565917969
72720 29.385606128984882
72836 72.35584963690772
72922 31.494712829589844
72928 144.71169927381544
73058 72.35584963690772
73099 155.09815900020797
73187 31.494712829589844
73439 33.75519742095572
73486 72.35584963690772
73557 33.75519742095572
73650 33.75519742095572
74126 33.75519742095572
74129 67.51039484191143
74189 67.51039484191143
74365 67.51039484191143
74441 72.35584963690772
74460 33.75519742095572
74480 72.35584963690772
74595 62.98942565917969
74807 155.09815900020797
74866 31.494712829589844
75079 72.35584963690772
75093 72.35584963690772
75188 33.75519742095572
75487 31.494712829589844
75499 31.494712829589844
75521 29.385606128984882
75541 33.75519742095572
75657 155.09815900020797
75763 67.51039484191143
76142 31.494712829589844
76150 33.75519742095572
76194 31.494712829589844
76332 62.98942565917969
76518 67.51039484191143
76565 72.35584963690772
76570 31.494712829589844
76688 31.494712829589844
76773 31.494712829589844
76907 33.75519742095572
77213 33.75519742095572
77337 31.494712829589844
77346 72.35584963690772
77528 33.75519742095572
77645 33.75519742095572
77646 29.385606128984882
77813 31.494712829589844
77994 72.35584963690772
78042 33.75519742095572
78156 72.35584963690772
78187 33.75519742095572
78441 67.51039484191143
78604 33.75519742095572
78607 33.75519742095572
78782 72.35584963690772
78803 67.51039484191143
78815 72.35584963690772
78911 15.747356414794922
79024 33.75519742095572
79138 33.75519742095572
79169 33.75519742095572
79319 33.75519742095572
79336 33.75519742095572
79622 33.75519742095572
79660 31.494712829589844
79716 62.98942565917969
79786 62.98942565917969
79881 31.494712829589844
79950 33.75519742095572
80035 33.75519742095572
80206 31.494712829589844
80236 31.494712829589844
80325 62.98942565917969
80403 72.35584963690772
80604 67.51039484191143
80862 72.35584963690772
80883 72.35584963690772
80884 33.75519742095572
81000 33.75519742095572
81030 72.35584963690772
81051 31.494712829589844
81163 144.71169927381544
81337 14.692803064492441
81350 33.75519742095572
81681 72.35584963690772
81992 135.02078968382287
82056 29.385606128984882
82091 33.75519742095572
82147 33.75519742095572
82205 62.98942565917969
82271 31.494712829589844
82436 15.747356414794922
82529 67.51039484191143
82813 72.35584963690772
82829 33.75519742095572
82941 31.494712829589844
82975 67.51039484191143
83144 72.35584963690772
83169 29.385606128984882
83201 72.35584963690772
83338 155.09815900020797
83679 33.75519742095572
83685 31.494712829589844
83815 67.51039484191143
83958 31.494712829589844
84256 62.98942565917969
84270 67.51039484191143
84597 33.75519742095572
84627 72.35584963690772
84748 33.75519742095572
84985 33.75519742095572
85085 13.708869997324554
85099 33.75519742095572
85164 33.75519742095572
85177 31.494712829589844
85216 33.75519742095572
85254 67.51039484191143
85261 62.98942565917969
85387 72.35584963690772
85420 144.71169927381544
85442 33.75519742095572
85614 155.09815900020797
85725 33.75519742095572
85755 155.09815900020797
85771 67.51039484191143
86016 33.75519742095572