8655 12.790827984192916
12175 13.708869997324554
15546 13.708869997324554
15611 14.692803064492441
15769 31.494712829589844
17475 13.708869997324554
17537 29.385606128984882
17563 14.692803064492441
18927 13.708869997324554
19368 13.708869997324554
19432 13.708869997324554
19452 14.692803064492441
20013 62.98942565917969
20613 14.692803064492441
20787 13.708869997324554
20858 12.790827984192916
20940 12.790827984192916
21091 27.417739994649107
21254 13.708869997324554
21686 14.692803064492441
21939 29.385606128984882
23609 13.708869997324554
24940 14.692803064492441
25064 14.692803064492441
25413 13.708869997324554
25433 14.692803064492441
26915 14.692803064492441
27015 29.385606128984882
27147 14.692803064492441
27907 29.385606128984882
28374 13.708869997324554
28477 27.417739994649107
28500 13.708869997324554
28733 14.692803064492441
29367 25.58165596838583
29474 31.494712829589844
29574 11.934264498324229
30418 14.692803064492441
30430 25.58165596838583
30478 14.692803064492441
31205 29.385606128984882
33053 27.417739994649107
33952 14.692803064492441
33961 14.692803064492441
34102 14.692803064492441
34187 31.494712829589844
34606 29.385606128984882
35014 13.708869997324554
35153 13.708869997324554
35202 14.692803064492441
35334 25.58165596838583
35556 62.98942565917969
35710 13.708869997324554
36652 27.417739994649107
36982 14.692803064492441
37283 29.385606128984882
37767 29.385606128984882
37978 31.494712829589844
38946 13.708869997324554
38968 58.771212257969765
39249 13.708869997324554
39304 27.417739994649107
39461 14.692803064492441
39770 27.417739994649107
40115 13.708869997324554
41183 12.790827984192916
41389 31.494712829589844
41627 29.385606128984882
41750 14.692803064492441
42343 62.98942565917969
42668 12.790827984192916
42821 27.417739994649107
43108 31.494712829589844
43775 11.13506250666297
43782 14.692803064492441
44272 58.771212257969765
44288 25.58165596838583
44920 12.790827984192916
45905 31.494712829589844
46060 14.692803064492441
46103 14.692803064492441
46530 12.790827984192916
46585 29.385606128984882
46869 58.771212257969765
47356 29.385606128984882
47360 29.385606128984882
47577 27.417739994649107
47640 27.417739994649107
47779 58.771212257969765
48434 13.708869997324554
48490 14.692803064492441
48696 13.708869997324554
48845 27.417739994649107
49153 58.771212257969765
49241 12.790827984192916
49538 13.708869997324554
49555 62.98942565917969
49665 54.835479989298214
49733 62.98942565917969
50283 62.98942565917969
50384 62.98942565917969
50625 27.417739994649107
50638 12.790827984192916
50716 62.98942565917969
50832 58.771212257969765
50885 29.385606128984882
50990 135.02078968382287
50996 27.417739994649107
51141 27.417739994649107
51905 27.417739994649107
52341 11.13506250666297
52495 13.708869997324554
52572 54.835479989298214
52707 62.98942565917969
53045 12.790827984192916
53073 62.98942565917969
53178 12.790827984192916
53350 14.692803064492441
53381 54.835479989298214
53596 58.771212257969765
53766 27.417739994649107
53807 62.98942565917969
54646 117.54242451593953
54923 62.98942565917969
54950 14.692803064492441
55149 14.692803064492441
55179 14.692803064492441
55721 125.97885131835938
55931 29.385606128984882
56034 62.98942565917969
56372 29.385606128984882
56596 58.771212257969765
56638 29.385606128984882
56646 27.417739994649107
57390 31.494712829589844
57561 29.385606128984882
57801 29.385606128984882
58184 54.835479989298214
58452 27.417739994649107
58874 62.98942565917969
58940 62.98942565917969
59117 125.97885131835938
59159 14.692803064492441
59217 14.692803064492441
59409 14.692803064492441
59622 31.494712829589844
59914 54.835479989298214
59986 13.708869997324554
60029 27.417739994649107
60480 27.417739994649107
60717 29.385606128984882
60835 54.835479989298214
60895 62.98942565917969
61221 29.385606128984882
61310 62.98942565917969
61665 125.97885131835938
61691 125.97885131835938
61839 62.98942565917969
62024 31.494712829589844
62130 31.494712829589844
62185 13.708869997324554
62294 62.98942565917969
62330 58.771212257969765
62574 58.771212257969765
62958 13.708869997324554
63061 13.708869997324554
63067 14.692803064492441
63252 62.98942565917969
63271 125.97885131835938
63311 31.494712829589844
63316 29.385606128984882
63439 14.692803064492441
63483 62.98942565917969
63677 62.98942565917969
63928 29.385606128984882
64017 58.771212257969765
64228 62.98942565917969
64382 54.835479989298214
64476 13.708869997324554
64477 13.708869997324554
64626 62.98942565917969
65092 29.385606128984882
65316 31.494712829589844
65356 54.835479989298214
65686 13.708869997324554
65717 58.771212257969765
65729 62.98942565917969
65770 62.98942565917969
65922 54.835479989298214
65983 125.97885131835938
66061 13.708869997324554
66247 58.771212257969765
66261 25.58165596838583
66267 29.385606128984882
66309 14.692803064492441
66365 29.385606128984882
66482 62.98942565917969
66510 125.97885131835938
66566 125.97885131835938
66675 58.771212257969765
66693 29.385606128984882
66729 58.771212257969765
67009 29.385606128984882
67125 58.771212257969765
67126 58.771212257969765
67365 125.97885131835938
67552 62.98942565917969
67626 27.417739994649107
67836 62.98942565917969
67838 58.771212257969765
67888 62.98942565917969
68114 62.98942565917969
68323 27.417739994649107
68435 29.385606128984882
68692 29.385606128984882
68755 58.771212257969765
68863 135.02078968382287
69102 58.771212257969765
69126 54.835479989298214
69370 62.98942565917969
69446 13.708869997324554
69451 62.98942565917969
69522 54.835479989298214
69718 58.771212257969765
69752 27.417739994649107
69842 62.98942565917969
69864 31.494712829589844
70080 58.771212257969765
70104 27.417739994649107
70147 25.58165596838583
70334 12.790827984192916
70353 62.98942565917969
70362 135.02078968382287
70861 14.692803064492441
70869 14.692803064492441
70910 58.771212257969765
70914 62.98942565917969
70941 13.708869997324554
70963 58.771212257969765
70965 23.868528996648458
71193 58.771212257969765
71257 14.692803064492441
71259 58.771212257969765
71298 135.02078968382287
71326 29.385606128984882
71598 14.692803064492441
71783 125.97885131835938
71790 135.02078968382287
72003 135.02078968382287
72103 58.771212257969765
72378 13.708869997324554
72431 58.771212257969765
72471 12.790827984192916
72498 62.98942565917969
72582 13.708869997324554
72989 135.02078968382287
73026 27.417739994649107
73088 62.98942565917969
73192 62.98942565917969
73259 125.97885131835938
73314 62.98942565917969
73360 13.708869997324554
73371 27.417739994649107
73678 62.98942565917969
73851 58.771212257969765
73887 29.385606128984882
74419 135.02078968382287
74475 135.02078968382287
74542 51.16331193677166
74580 29.385606128984882
74659 14.692803064492441
75010 58.771212257969765
75011 58.771212257969765
75018 62.98942565917969
75068 27.417739994649107
75159 62.98942565917969
75210 62.98942565917969
75244 14.692803064492441
75406 62.98942565917969
75420 62.98942565917969
75508 62.98942565917969
75521 29.385606128984882
75562 29.385606128984882
75836 58.771212257969765
75846 58.771212257969765
76093 289.4233985476309
76147 58.771212257969765
76183 135.02078968382287
76242 29.385606128984882
76355 29.385606128984882
76417 135.02078968382287
76423 62.98942565917969
76522 62.98942565917969
76524 58.771212257969765
76665 13.708869997324554
76685 125.97885131835938
76752 270.04157936764574
76918 62.98942565917969
77083 62.98942565917969
77107 62.98942565917969
77275 54.835479989298214
77354 13.708869997324554
77671 58.771212257969765
77776 58.771212257969765
78316 58.771212257969765
78364 62.98942565917969
78368 62.98942565917969
78428 29.385606128984882
78448 54.835479989298214
78455 62.98942565917969
78655 135.02078968382287
78766 31.494712829589844
78795 62.98942565917969
78814 29.385606128984882
79024 289.4233985476309
79061 62.98942565917969
79156 14.692803064492441
79240 12.790827984192916
79290 135.02078968382287
79345 62.98942565917969
79563 51.16331193677166
80039 29.385606128984882
80427 135.02078968382287
80460 58.771212257969765
80475 62.98942565917969
80600 13.708869997324554
80669 29.385606128984882
80680 62.98942565917969
80821 62.98942565917969
80856 29.385606128984882
80954 270.04157936764574
81001 27.417739994649107
81033 135.02078968382287
81109 62.98942565917969
81143 135.02078968382287
81261 58.771212257969765
81306 12.790827984192916
81323 125.97885131835938
81346 62.98942565917969
81529 29.385606128984882
81532 13.708869997324554
81640 54.835479989298214
81678 62.98942565917969
81943 25.58165596838583
82180 13.708869997324554
82202 135.02078968382287
82218 62.98942565917969
82282 13.708869997324554
82393 117.54242451593953
82445 289.4233985476309
82529 135.02078968382287
82549 62.98942565917969
82554 58.771212257969765
82644 29.385606128984882
82661 135.02078968382287
82766 31.494712829589844
82812 62.98942565917969
83082 62.98942565917969
83112 135.02078968382287
83215 58.771212257969765
83262 62.98942565917969
83366 29.385606128984882
83375 62.98942565917969
83529 58.771212257969765
83612 62.98942565917969
83905 62.98942565917969
83964 14.692803064492441
84019 14.692803064492441
84051 62.98942565917969
84066 13.708869997324554
84109 62.98942565917969
84180 135.02078968382287
84273 62.98942565917969
84404 58.771212257969765
84512 14.692803064492441
84549 62.98942565917969
84690 62.98942565917969
84773 135.02078968382287
84914 29.385606128984882
84916 54.835479989298214
85051 29.385606128984882
85084 14.692803064492441
85314 62.98942565917969
85326 29.385606128984882
85415 13.708869997324554
85486 62.98942565917969
85635 58.771212257969765
85732 62.98942565917969
85738 62.98942565917969
85913 29.385606128984882
86101 12.790827984192916
86111 27.417739994649107
86225 58.771212257969765
86273 62.98942565917969
86533 135.02078968382287
86622 135.02078968382287
86728 58.771212257969765
86799 14.692803064492441
87017 13.708869997324554
87354 29.385606128984882