7872 14.692803064492441
9192 14.692803064492441
9316 14.692803064492441
12753 14.692803064492441
14601 15.747356414794922
14871 15.747356414794922
14878 13.708869997324554
15042 14.692803064492441
15978 15.747356414794922
18095 14.692803064492441
20310 12.790827984192916
20660 13.708869997324554
21276 15.747356414794922
22030 27.417739994649114
23275 15.747356414794922
23308 14.692803064492441
23890 15.747356414794922
24554 13.708869997324554
25351 15.747356414794922
26520 15.747356414794922
27438 14.692803064492441
27958 13.708869997324554
28482 13.708869997324554
29151 15.747356414794922
29565 13.708869997324554
29696 15.747356414794922
29826 14.692803064492441
29846 15.747356414794922
31185 15.747356414794922
32315 15.747356414794922
32318 12.790827984192916
33415 13.708869997324554
34022 14.692803064492441
34241 29.385606128984882
34301 12.790827984192916
34369 14.692803064492441
35261 15.747356414794922
35578 15.747356414794922
35927 14.692803064492441
36804 12.790827984192916
37109 14.692803064492441
37145 15.747356414794922
37416 15.747356414794922
37787 12.790827984192916
38296 33.75519742095572
38551 29.385606128984882
39382 15.747356414794922
39500 15.747356414794922
39653 12.790827984192916
39960 14.692803064492441
40452 12.790827984192916
40493 14.692803064492441
41852 29.385606128984882
42463 14.692803064492441
42628 13.708869997324554
43029 15.747356414794922
43034 13.708869997324554
43233 13.708869997324554
43513 14.692803064492441
43744 31.494712829589844
45105 13.708869997324554
45112 25.58165596838583
45505 14.692803064492441
46093 13.708869997324554
46164 31.494712829589844
46479 15.747356414794922
47070 14.692803064492441
47097 15.747356414794922
47298 14.692803064492441
47438 15.747356414794922
47448 14.692803064492441
47461 13.708869997324554
47551 15.747356414794922
47904 31.494712829589844
48171 15.747356414794922
48481 14.692803064492441
48755 14.692803064492441
48911 33.75519742095572
49083 13.708869997324554
49227 15.747356414794922
49272 29.385606128984882
49380 15.747356414794922
49393 31.494712829589844
49414 14.692803064492441
49802 33.75519742095572
49970 14.692803064492441
49990 33.75519742095572
50128 15.747356414794922
50527 14.692803064492441
50695 15.747356414794922
51004 31.494712829589844
51915 14.692803064492441
52301 31.494712829589844
52603 15.747356414794922
52967 15.747356414794922
53343 62.98942565917969
53418 15.747356414794922
53565 15.747356414794922
53733 14.692803064492441
54283 13.708869997324554
54759 14.692803064492441
54791 33.75519742095572
54844 15.747356414794922
55043 31.494712829589844
55364 14.692803064492441
55441 15.747356414794922
55568 15.747356414794922
55859 13.708869997324554
56085 31.494712829589844
56094 15.747356414794922
56389 14.692803064492441
56613 11.934264498324229
56731 67.51039484191143
56756 14.692803064492441
56875 31.494712829589844
57067 15.747356414794922
57265 14.692803064492441
57288 31.494712829589844
57393 13.708869997324554
57456 12.790827984192916
58125 13.708869997324554
58467 14.692803064492441
58505 15.747356414794922
58833 31.494712829589844
58857 31.494712829589844
59043 31.494712829589844
59079 13.708869997324554
59262 15.747356414794922
59266 13.708869997324554
59805 14.692803064492441
60043 15.747356414794922
60196 14.692803064492441
60198 14.692803064492441
60412 14.692803064492441
60429 14.692803064492441
60663 14.692803064492441
61219 14.692803064492441
61369 14.692803064492441
61384 15.747356414794922
61539 31.494712829589844
61705 13.708869997324554
61750 13.708869997324554
61800 33.75519742095572
62004 13.708869997324554
62028 14.692803064492441
62039 13.708869997324554
62367 13.708869997324554
62566 13.708869997324554
62585 15.747356414794922
62703 15.747356414794922
62790 14.692803064492441
62909 31.494712829589844
63066 31.494712829589844
63318 13.708869997324554
63521 62.98942565917969
63522 13.708869997324554
63898 12.790827984192916
64419 15.747356414794922
64428 14.692803064492441
65137 15.747356414794922
65577 14.692803064492441
65731 33.75519742095572
65751 31.494712829589844
65870 14.692803064492441
65899 31.494712829589844
66016 31.494712829589844
66371 33.75519742095572
66409 13.708869997324554
66421 15.747356414794922
66564 31.494712829589844
66875 29.385606128984882
66976 13.708869997324554
67134 15.747356414794922
67208 15.747356414794922
67303 13.708869997324554
67490 14.692803064492441
67597 15.747356414794922
67617 13.708869997324554
67845 14.692803064492441
68004 31.494712829589844
68337 15.747356414794922
68648 125.97885131835938
68651 14.692803064492441
68763 33.75519742095572
68849 33.75519742095572
69127 33.75519742095572
69183 14.692803064492441
69560 33.75519742095572
69568 13.708869997324554
69613 14.692803064492441
69870 13.708869997324554
69914 14.692803064492441
70007 15.747356414794922
70208 15.747356414794922
70301 29.385606128984882
70402 14.692803064492441
70684 14.692803064492441
70687 13.708869997324554
70749 13.708869997324554
71076 62.98942565917969
71100 14.692803064492441
71137 14.692803064492441
71299 14.692803064492441
71691 13.708869997324554
71708 15.747356414794922
72200 12.790827984192916
72227 13.708869997324554
72722 15.747356414794922
72785 29.385606128984882
73144 31.494712829589844
73152 15.747356414794922
73198 14.692803064492441
73272 31.494712829589844
73307 13.708869997324554
73344 14.692803064492441
73490 15.747356414794922
73518 15.747356414794922
73704 14.692803064492441
73750 14.692803064492441
73812 67.51039484191143
74221 13.708869997324554
74228 14.692803064492441
74232 15.747356414794922
74245 15.747356414794922
74273 33.75519742095572
74403 33.75519742095572
74485 33.75519742095572
74923 13.708869997324554
74984 13.708869997324554
75000 67.51039484191143
75299 15.747356414794922
75371 33.75519742095572
75520 31.494712829589844
75580 13.708869997324554
75781 13.708869997324554
75906 29.385606128984882
76026 13.708869997324554
76091 67.51039484191143
76199 29.385606128984882
76399 14.692803064492441
76496 31.494712829589844
76513 15.747356414794922
76655 15.747356414794922
76713 14.692803064492441
76818 33.75519742095572
76843 29.385606128984882
76894 72.35584963690772
76943 13.708869997324554
77018 33.75519742095572
77107 14.692803064492441
77249 27.417739994649107
77392 15.747356414794922
77592 72.35584963690772
77839 29.385606128984882
77908 15.747356414794922
78076 31.494712829589844
78125 15.747356414794922
78237 33.75519742095572
78501 31.494712829589844
78547 14.692803064492441
78756 33.75519742095572
78815 15.747356414794922
79007 15.747356414794922
79081 13.708869997324554
79136 14.692803064492441
79173 31.494712829589844
79206 13.708869997324554
79216 14.692803064492441
79478 13.708869997324554
79571 14.692803064492441
79907 29.385606128984882
80013 31.494712829589844
80016 29.385606128984882
80045 12.790827984192916
80086 15.747356414794922
80237 14.692803064492441
80249 14.692803064492441
80296 72.35584963690772
80307 155.09815900020797
80393 15.747356414794922
80445 31.494712829589844
80658 14.692803064492441
80677 33.75519742095572
80696 14.692803064492441
80706 72.35584963690772
80898 14.692803064492441
80967 15.747356414794922
81173 33.75519742095572
81335 14.692803064492441
81400 67.51039484191143
81441 31.494712829589844
81464 62.98942565917969
81494 15.747356414794922
81558 13.708869997324554
81727 14.692803064492441
81793 14.692803064492441
81804 13.708869997324554
81854 33.75519742095572
81887 125.97885131835938
81967 33.75519742095572
82065 14.692803064492441
82142 33.75519742095572
82321 15.747356414794922
82372 31.494712829589844
82376 33.75519742095572
82474 33.75519742095572
82543 14.692803064492441
82634 33.75519742095572
82722 144.71169927381544
82950 67.51039484191143
83012 13.708869997324554
83131 31.494712829589844
83159 62.98942565917969
83169 33.75519742095572
83170 14.692803064492441
83218 33.75519742095572
83241 31.494712829589844
83435 33.75519742095572
83564 62.98942565917969
83666 15.747356414794922
83777 14.692803064492441
83965 14.692803064492441
84005 15.747356414794922
84071 15.747356414794922
84112 13.708869997324554
84353 31.494712829589844
84361 15.747356414794922
84368 31.494712829589844
84435 33.75519742095572
84701 15.747356414794922
84776 15.747356414794922
84785 27.417739994649107
84939 29.385606128984882
84944 72.35584963690772
85010 14.692803064492441
85221 14.692803064492441
85349 72.35584963690772
85370 67.51039484191143
85469 12.790827984192916
85528 15.747356414794922
85581 13.708869997324554
85583 14.692803064492441
85679 72.35584963690772
85756 14.692803064492441
85759 31.494712829589844
85786 67.51039484191143
85865 31.494712829589844
85872 14.692803064492441
86138 13.708869997324554
86246 31.494712829589844
86357 33.75519742095572
86395 31.494712829589844
86503 62.98942565917969
86598 13.708869997324554
86604 15.747356414794922
86679 15.747356414794922
86825 31.494712829589844
86886 13.708869997324554
87008 14.692803064492441
87014 72.35584963690772
87129 31.494712829589844
87144 62.98942565917969
87215 14.692803064492441
87261 14.692803064492441
87559 31.494712829589844
87561 15.747356414794922
87566 15.747356414794922
87618 15.747356414794922
87754 15.747356414794922
87776 13.708869997324554
88009 15.747356414794922
88029 33.75519742095572
88042 15.747356414794922
88066 15.747356414794922
88220 72.35584963690772
88243 15.747356414794922
88274 72.35584963690772
88380 13.708869997324554
88420 12.790827984192916
88556 29.385606128984882
88620 67.51039484191143
88662 15.747356414794922
88870 29.385606128984882
88956 12.790827984192916
88958 13.708869997324554
89051 15.747356414794922
89100 14.692803064492441
89132 15.747356414794922
89145 14.692803064492441
89250 15.747356414794922
89261 31.494712829589844
89308 27.417739994649107
89309 27.417739994649107
89369 14.692803064492441
89545 72.35584963690772
89621 33.75519742095572
89714 14.692803064492441
89793 31.494712829589844
90152 29.385606128984882
90234 15.747356414794922