3728 13.708869997324554
6312 15.747356414794922
6406 14.692803064492441
8005 14.692803064492441
8447 14.692803064492441
12736 13.708869997324554
13259 15.747356414794922
14846 14.692803064492441
14867 15.747356414794922
18642 15.747356414794922
20009 13.708869997324554
20756 15.747356414794922
20962 13.708869997324554
22699 31.494712829589844
23495 15.747356414794922
23775 15.747356414794922
24019 15.747356414794922
25585 14.692803064492441
25876 14.692803064492441
26579 15.747356414794922
26993 15.747356414794922
27040 15.747356414794922
27759 33.75519742095572
28708 15.747356414794922
28809 14.692803064492441
29147 14.692803064492441
29498 15.747356414794922
29702 14.692803064492441
29755 14.692803064492441
29912 15.747356414794922
30256 12.790827984192916
30406 14.692803064492441
30697 14.692803064492441
30953 15.747356414794922
30959 14.692803064492441
31449 13.708869997324554
31467 31.494712829589844
31792 14.692803064492441
32038 14.692803064492441
32111 15.747356414794922
32496 14.692803064492441
32905 33.75519742095572
32951 15.747356414794922
33112 15.747356414794922
33246 14.692803064492441
33676 33.75519742095572
33966 15.747356414794922
34713 14.692803064492441
35237 14.692803064492441
35293 33.75519742095572
35674 15.747356414794922
35934 13.708869997324554
36057 15.747356414794922
36531 15.747356414794922
36721 15.747356414794922
37206 33.75519742095572
37256 15.747356414794922
37305 14.692803064492441
37470 14.692803064492441
37684 15.747356414794922
38011 15.747356414794922
39095 14.692803064492441
39619 15.747356414794922
39683 14.692803064492441
39925 14.692803064492441
40450 14.692803064492441
40493 13.708869997324554
40961 33.75519742095572
41229 15.747356414794922
41432 33.75519742095572
41921 62.98942565917969
42063 14.692803064492441
42170 14.692803064492441
42333 15.747356414794922
42421 13.708869997324554
42894 31.494712829589844
43124 33.75519742095572
43587 15.747356414794922
43710 31.494712829589844
43847 31.494712829589844
44035 14.692803064492441
44163 14.692803064492441
44180 23.868528996648458
44387 67.51039484191143
45743 13.708869997324554
45860 14.692803064492441
46216 67.51039484191143
46353 15.747356414794922
46551 31.494712829589844
47955 15.747356414794922
48738 29.385606128984882
48840 15.747356414794922
49088 15.747356414794922
49122 15.747356414794922
50984 67.51039484191143
51114 29.385606128984882
51170 31.494712829589844
51317 14.692803064492441
51660 14.692803064492441
52076 31.494712829589844
52663 33.75519742095572
53153 72.35584963690772
53249 15.747356414794922
53303 33.75519742095572
53352 14.692803064492441
53689 14.692803064492441
53764 33.75519742095572
53843 15.747356414794922
53857 15.747356414794922
53866 67.51039484191143
54315 14.692803064492441
54404 13.708869997324554
54604 72.35584963690772
55003 14.692803064492441
55359 31.494712829589844
55941 33.75519742095572
56150 13.708869997324554
56435 31.494712829589844
56492 67.51039484191143
56499 31.494712829589844
56608 15.747356414794922
57237 13.708869997324554
57358 14.692803064492441
57389 31.494712829589844
57725 33.75519742095572
58252 15.747356414794922
58308 14.692803064492441
58809 31.494712829589844
58914 14.692803064492441
58941 72.35584963690772
58991 14.692803064492441
58993 31.494712829589844
59278 29.385606128984882
59320 15.747356414794922
59431 33.75519742095572
59551 33.75519742095572
59760 31.494712829589844
59916 33.75519742095572
59963 67.51039484191143
59967 67.51039484191143
59998 14.692803064492441
60122 15.747356414794922
60138 31.494712829589844
60410 31.494712829589844
61088 144.71169927381544
61239 13.708869997324554
61474 15.747356414794922
61781 15.747356414794922
61797 72.35584963690772
61881 13.708869997324554
62160 13.708869997324554
62314 31.494712829589844
62665 31.494712829589844
62779 14.692803064492441
62876 72.35584963690772
62921 31.494712829589844
63004 31.494712829589844
63071 72.35584963690772
63073 15.747356414794922
63256 72.35584963690772
63504 14.692803064492441
63534 15.747356414794922
63581 13.708869997324554
63607 62.98942565917969
63652 72.35584963690772
64167 33.75519742095572
64427 15.747356414794922
64658 58.771212257969765
64747 29.385606128984882
64859 31.494712829589844
65010 31.494712829589844
65179 31.494712829589844
65380 14.692803064492441
65558 67.51039484191143
65859 27.417739994649107
65918 14.692803064492441
66192 14.692803064492441
66217 15.747356414794922
66258 31.494712829589844
66350 155.09815900020797
66579 67.51039484191143
66642 14.692803064492441
66915 62.98942565917969
67163 14.692803064492441
67273 31.494712829589844
67289 14.692803064492441
67396 155.09815900020797
67457 13.708869997324554
67728 14.692803064492441
67801 13.708869997324554
67904 15.747356414794922
67926 31.494712829589844
68072 15.747356414794922
68085 62.98942565917969
68274 58.771212257969765
68399 67.51039484191143
68497 29.385606128984882
68515 67.51039484191143
68615 33.75519742095572
68634 72.35584963690772
68785 33.75519742095572
68852 31.494712829589844
68951 33.75519742095572
68983 29.385606128984882
69108 13.708869997324554
69208 15.747356414794922
69260 67.51039484191143
69389 31.494712829589844
69425 72.35584963690772
69431 72.35584963690772
69480 33.75519742095572
69723 12.790827984192916
69736 13.708869997324554
69960 62.98942565917969
69980 15.747356414794922
70009 72.35584963690772
70079 14.692803064492441
70139 31.494712829589844
70164 31.494712829589844
70187 31.494712829589844
70191 31.494712829589844
70219 14.692803064492441
70240 15.747356414794922
70295 72.35584963690772
70327 72.35584963690772
70394 15.747356414794922
70484 15.747356414794922
70611 72.35584963690772
70680 15.747356414794922
70847 25.58165596838583
70884 58.771212257969765
71145 33.75519742095572
71428 31.494712829589844
71512 72.35584963690772
71657 15.747356414794922
71669 14.692803064492441
71677 33.75519742095572
71833 72.35584963690772
71917 67.51039484191143
71930 33.75519742095572
71955 15.747356414794922
72055 67.51039484191143
72152 15.747356414794922
72261 31.494712829589844
72277 72.35584963690772
72329 72.35584963690772
72350 31.494712829589844
72613 33.75519742095572
72698 31.494712829589844
72706 67.51039484191143
72773 33.75519742095572
72964 72.35584963690772
73007 15.747356414794922
73100 62.98942565917969
73186 33.75519742095572
73232 27.417739994649107
73559 15.747356414794922
73727 29.385606128984882
73959 67.51039484191143
73988 15.747356414794922
74026 29.385606128984882
74072 33.75519742095572
74188 15.747356414794922
74470 13.708869997324554
74529 67.51039484191143
74572 15.747356414794922
74735 332.46018180931486
74872 13.708869997324554
74876 33.75519742095572
74979 33.75519742095572
75068 67.51039484191143
75272 15.747356414794922
75421 29.385606128984882
75428 67.51039484191143
75495 31.494712829589844
75512 67.51039484191143
75606 72.35584963690772
75713 155.09815900020797
75905 72.35584963690772
75919 13.708869997324554
75961 31.494712829589844
75978 155.09815900020797
76088 72.35584963690772
76210 33.75519742095572
76329 72.35584963690772
76457 62.98942565917969
76458 31.494712829589844
76630 33.75519742095572
77289 33.75519742095572
77337 29.385606128984882
77466 33.75519742095572
77631 15.747356414794922
77718 33.75519742095572
77934 62.98942565917969
78126 62.98942565917969
78164 15.747356414794922
78398 144.71169927381544
78462 67.51039484191143
78670 144.71169927381544
78879 58.771212257969765
78902 27.417739994649107
79054 155.09815900020797
79065 67.51039484191143
79270 31.494712829589844
79286 14.692803064492441
79326 72.35584963690772
79344 67.51039484191143
79380 13.708869997324554
79445 33.75519742095572
79648 72.35584963690772
79783 15.747356414794922
79817 67.51039484191143
79857 14.692803064492441
79910 33.75519742095572
79917 33.75519742095572
79956 31.494712829589844
80066 13.708869997324554
80108 31.494712829589844
80192 31.494712829589844
80221 33.75519742095572
80282 72.35584963690772
80333 31.494712829589844
80380 67.51039484191143
80674 29.385606128984882
80791 67.51039484191143
81037 33.75519742095572
81194 31.494712829589844
81353 14.692803064492441
81442 31.494712829589844
81490 15.747356414794922
81513 72.35584963690772
81553 31.494712829589844
81564 155.09815900020797
81718 72.35584963690772
81785 14.692803064492441
81809 72.35584963690772
81852 31.494712829589844
81861 29.385606128984882
82050 33.75519742095572
82200 13.708869997324554
82278 144.71169927381544
82339 135.02078968382287
82414 67.51039484191143
82521 72.35584963690772
82544 33.75519742095572
82657 67.51039484191143
82666 29.385606128984882
82693 15.747356414794922
82704 31.494712829589844
82784 67.51039484191143
82898 31.494712829589844
83098 33.75519742095572
83164 72.35584963690772
83501 14.692803064492441
83528 15.747356414794922
83608 33.75519742095572
83865 67.51039484191143
83992 67.51039484191143
84003 31.494712829589844
84016 15.747356414794922
84137 72.35584963690772
84202 33.75519742095572
84224 72.35584963690772
84261 144.71169927381544
84386 33.75519742095572
84450 67.51039484191143
84516 72.35584963690772
84547 33.75519742095572
84585 31.494712829589844
84614 72.35584963690772
84756 14.692803064492441
85016 15.747356414794922
85087 14.692803064492441
85094 31.494712829589844
85230 15.747356414794922
85474 72.35584963690772
85484 29.385606128984882
85851 29.385606128984882
85957 67.51039484191143
86055 15.747356414794922
86424 72.35584963690772
86754 72.35584963690772
86870 14.692803064492441
86959 14.692803064492441
86976 31.494712829589844
87109 29.385606128984882
87283 67.51039484191143
87681 62.98942565917969
87832 14.692803064492441
87847 72.35584963690772
87915 29.385606128984882
88000 15.747356414794922
88020 67.51039484191143
88144 72.35584963690772
88226 15.747356414794922
88233 33.75519742095572
88535 72.35584963690772
88554 155.09815900020797
88635 72.35584963690772
88644 33.75519742095572